0.00  1.00  0.248514903
0.02  .98  0.2472840174
0.04  .96  0.2460753981
0.06  .94  0.2448885526
0.08  .92  0.2437235025
0.10  .90  0.2425824088
0.12  .88  0.2414659423
0.14  .86  0.2403742143
0.16  .84  0.2393087201
0.18  .82  0.2382699408
0.20  .80  0.2372582099
0.22  .78  0.2362728761
0.24  .76  0.2353161584
0.26  .74  0.234384887
0.28  .72  0.2334808859
0.30  .70  0.2326063628
0.32  .68  0.2317595136
0.34  .66  0.2309373083
0.36  .64  0.2301420133
0.38  .62  0.2293763319
0.40  .60  0.2286417224
0.42  .58  0.2279372463
0.44  .56  0.2272648068
0.46  .54  0.226624282
0.48  .52  0.2260180119
0.50  .50  0.2254399516
0.52  .48  0.2248928437
0.54  .46  0.224378011
0.56  .44  0.2238980394
0.58  .42  0.2234483012
0.60  .40  0.2230315599
0.62  .38  0.2226486796
0.64  .36  0.222300366
0.66  .34  0.2219847481
0.68  .32  0.2217037627
0.70  .30  0.2214545179
0.72  .28  0.2212373272
0.74  .26  0.2210580922
0.76  .24  0.2209145963
0.78  .22  0.2208087399
0.80  .20  0.2207394813
0.82  .18  0.2207071348
0.84  .16  0.2207125144
0.86  .14  0.2207560275
0.88  .12  0.2208358608
0.90  .10  0.2209551552
0.92  .08  0.2211148583
0.94  .06  0.2213118808
0.96  .04  0.221548184
0.98  .02  0.221824981
1.00  0  0.2221411068

mix novo
0.00  1.00  0.2424236459
0.01  .99  0.2418013125
0.02  .98  0.2411837909
0.03  .97  0.2405711006
0.04  .96  0.2399631098
0.05  .95  0.2393604207
0.06  .94  0.2387629346
0.07  .93  0.2381708273
0.08  .92  0.2375840828
0.09  .91  0.2370023533
0.10  .90  0.2364260519
0.11  .89  0.2358553619
0.12  .88  0.2352893551
0.13  .87  0.2347290942
0.14  .86  0.2341748495
0.15  .85  0.2336266542
0.16  .84  0.2330846693
0.17  .83  0.232548806
0.18  .82  0.2320183226
0.19  .81  0.2314938707
0.20  .80  0.2309758838
0.21  .79  0.2304639751
0.22  .78  0.2299583551
0.23  .77  0.2294595018
0.24  .76  0.22896753
0.25  .75  0.2284824778
0.26  .74  0.2280037114
0.27  .73  0.2275308198
0.28  .72  0.227064502
0.29  .71  0.2266050106
0.30  .70  0.2261528506
0.31  .69  0.2257080134
0.32  .68  0.2252702893
0.33  .67  0.2248402041
0.34  .66  0.2244169528
0.35  .65  0.2240013053
0.36  .64  0.2235932917
0.37  .63  0.2231932194
0.38  .62  0.2228006604
0.39  .61  0.2224157072
0.40  .60  0.2220381597
0.41  .59  0.2216683831
0.42  .58  0.2213058146
0.43  .57  0.220951554
0.44  .56  0.2206056528
0.45  .55  0.2202682322
0.46  .54  0.2199395328
0.47  .53  0.2196197299
0.48  .52  0.2193085817
0.49  .51  0.2190059236
0.50  .50  0.2187115189
0.51  .49  0.2184256957
0.52  .48  0.2181487706
0.53  .47  0.2178807351
0.54  .46  0.217621843
0.55  .45  0.2173720683
0.56  .44  0.2171316732
0.57  .43  0.2168992339
0.58  .42  0.216676374
0.59  .41  0.2164626679
0.60  .40  0.2162580159
0.61  .39  0.2160629776
0.62  .38  0.2158781133
0.63  .37  0.2157031794
0.64  .36  0.2155378178
0.65  .35  0.2153828381
0.66  .34  0.2152382615
0.67  .33  0.2151034895
0.68  .32  0.2149773534
0.69  .31  0.2148603762
0.70  .30  0.2147538746
0.71  .29  0.2146581311
0.72  .28  0.2145732813
0.73  .27  0.2144994735
0.74  .26  0.2144369006
0.75  .25  0.2143848262
0.76  .24  0.2143429297
0.77  .23  0.2143117346
0.78  .22  0.2142916509
0.79  .21  0.214281482
0.80  .20  0.2142824291
0.81  .19  0.214292413
0.82  .18  0.2143114802
0.83  .17  0.2143402869
0.84  .16  0.2143795107
0.85  .15  0.2144284137
0.86  .14  0.2144887671
0.87  .13  0.2145612575
0.88  .12  0.2146455314
0.89  .11  0.2147415981
0.90  .10  0.2148496874
0.91  .09  0.2149701873
0.92  .08  0.2151025726
0.93  .07  0.2152459729
0.94  .06  0.2154000633
0.95  .05  0.2155667837
0.96  .04  0.2157461289
0.97  .03  0.2159367881
0.98  .02  0.2161392844
0.99  .01  0.2163537805
1.00  0  0.2165799512
