Ag(111) limpa 3d e 3p
   371.00003   366.00003    -0.20000     1.00000     0.30000    26    30.0
LO MagPE 30.000KE/1  Ex=1486.599eV WF=4.000eV Ck=XL Det=MCD Ent=6x12mm Exit=4mm
1594
1609
1756
1919
2222
2540
3103
3877
5312
7019
9246
11021
12681
12531
10997
8141
5755
3766
2496
1900
1470
1298
1155
1076
963
840
   579.00006   567.00006    -0.50000     1.00000     0.30000    25    30.0
LO MagPE 30.000KE/1  Ex=1486.599eV WF=4.000eV Ck=XL Det=MCD Ent=6x12mm Exit=4mm
2143
2182
2192
2261
2354
2478
2687
2925
3230
3601
4083
4369
4337
3920
3417
2955
2633
2319
2098
1991
1949
1806
1836
1775
1703
