Ag(111) limpa 3d e 3p
   371.00003   366.00003    -0.20000     1.00000     0.30000    26    30.0
LO MagPE 30.000KE/1  Ex=1486.599eV WF=4.000eV Ck=XL Det=MCD Ent=6x12mm Exit=4mm
4692
4931
5253
5703
6113
7246
8361
10524
13813
18306
24086
29654
33975
34701
31556
24458
17132
11152
7788
5933
4684
4026
3475
3101
2906
2826
   579.00006   567.00006    -0.50000     1.00000     0.30000    25    30.0
LO MagPE 30.000KE/1  Ex=1486.599eV WF=4.000eV Ck=XL Det=MCD Ent=6x12mm Exit=4mm
5982
6040
6253
6323
6538
6809
7068
7740
8632
9635
10915
11489
11083
10165
8964
7586
6670
6063
5667
5196
5029
4892
4565
4743
4423
