Ag(111) limpa 3d e 3p
   371.00003   366.00003    -0.20000     1.00000     0.30000    26    30.0
LO MagPE 30.000KE/1  Ex=1486.599eV WF=4.000eV Ck=XL Det=MCD Ent=6x12mm Exit=4mm
4759
5029
5339
5972
6570
7599
8870
10928
14277
18860
25210
30755
35175
35988
32576
25683
17967
12197
8243
6170
4989
4096
3747
3270
3176
2955
   579.00006   567.00006    -0.50000     1.00000     0.30000    25    30.0
LO MagPE 30.000KE/1  Ex=1486.599eV WF=4.000eV Ck=XL Det=MCD Ent=6x12mm Exit=4mm
6783
6863
7027
7211
7436
7658
8151
8750
9455
10659
11859
12622
12510
11363
10080
8668
7707
6927
6601
6339
5944
5766
5568
5520
5400
