Ag(111) limpa 3d e 3p
   371.00003   366.00003    -0.20000     1.00000     0.30000    26    30.0
LO MagPE 30.000KE/1  Ex=1486.599eV WF=4.000eV Ck=XL Det=MCD Ent=6x12mm Exit=4mm
2345
2394
2669
2876
3266
3988
4888
6116
8171
10838
14386
17848
19754
20006
17644
13444
9178
6179
4028
3115
2367
2062
1714
1576
1408
1372
   579.00006   567.00006    -0.50000     1.00000     0.30000    25    30.0
LO MagPE 30.000KE/1  Ex=1486.599eV WF=4.000eV Ck=XL Det=MCD Ent=6x12mm Exit=4mm
2762
2750
2889
3051
3211
3357
3564
4129
4695
5396
6043
6648
6553
5868
4896
3978
3354
2956
2679
2484
2411
2227
2175
2148
1997
