Ag(111) limpa 3d e 3p
   371.00003   366.00003    -0.20000     1.00000     0.30000    26    30.0
LO MagPE 30.000KE/1  Ex=1486.599eV WF=4.000eV Ck=XL Det=MCD Ent=6x12mm Exit=4mm
1827
1966
2003
2207
2313
2662
3230
3848
5099
6770
8635
10950
12340
12614
11131
8720
6112
4064
2863
2116
1790
1639
1341
1304
1100
1078
   579.00006   567.00006    -0.50000     1.00000     0.30000    25    30.0
LO MagPE 30.000KE/1  Ex=1486.599eV WF=4.000eV Ck=XL Det=MCD Ent=6x12mm Exit=4mm
2632
2740
2778
2983
2900
2977
3085
3334
3683
4130
4485
4699
4499
4135
3526
3023
2682
2435
2249
2106
2107
2081
1922
1963
1889
