Ag(111) limpa 3d e 3p
   371.00003   366.00003    -0.20000     1.00000     0.30000    26    30.0
LO MagPE 30.000KE/1  Ex=1486.599eV WF=4.000eV Ck=XL Det=MCD Ent=6x12mm Exit=4mm
6271
6728
7121
7657
8881
10081
12188
15296
19790
26405
34934
43272
49100
50392
45429
35342
25159
16331
11229
8184
6490
5503
4876
4246
3994
3734
   579.00006   567.00006    -0.50000     1.00000     0.30000    25    30.0
LO MagPE 30.000KE/1  Ex=1486.599eV WF=4.000eV Ck=XL Det=MCD Ent=6x12mm Exit=4mm
7352
7589
7782
8053
8386
8769
9201
10298
11602
13142
14824
15806
15638
14356
11988
10421
8944
7996
7353
6788
6347
6201
5997
5701
5652
