Ag(111) limpa 3d e 3p
   371.00003   366.00003    -0.20000     1.00000     0.30000    26    30.0
LO MagPE 30.000KE/1  Ex=1486.599eV WF=4.000eV Ck=XL Det=MCD Ent=6x12mm Exit=4mm
1993
2111
2225
2440
2847
3317
3992
5054
6940
9051
11929
14462
16088
15811
13687
10472
7311
4820
3251
2431
1809
1653
1382
1259
1199
1131
   579.00006   567.00006    -0.50000     1.00000     0.30000    25    30.0
LO MagPE 30.000KE/1  Ex=1486.599eV WF=4.000eV Ck=XL Det=MCD Ent=6x12mm Exit=4mm
2589
2672
2788
2907
2940
3154
3332
3688
4188
4913
5466
5820
5645
5067
4297
3640
3194
2882
2641
2446
2360
2226
2139
2022
2063
