Ag(111) limpa 3d e 3p
   371.00003   366.00003    -0.20000     1.00000     0.30000    26    30.0
LO MagPE 30.000KE/1  Ex=1486.599eV WF=4.000eV Ck=XL Det=MCD Ent=6x12mm Exit=4mm
1716
1952
2025
2199
2554
2971
3490
4552
5935
7787
10338
12432
14152
14229
12581
9672
6709
4420
3000
2183
1774
1531
1278
1254
1054
1061
   579.00006   567.00006    -0.50000     1.00000     0.30000    25    30.0
LO MagPE 30.000KE/1  Ex=1486.599eV WF=4.000eV Ck=XL Det=MCD Ent=6x12mm Exit=4mm
2431
2476
2544
2646
2812
2812
2900
3293
3770
4223
4766
5153
5020
4542
3786
3435
2924
2621
2397
2262
2175
2133
2047
2044
1958
