Ag(111) limpa 3d e 3p
   371.00003   366.00003    -0.20000     1.00000     0.30000    26    30.0
LO MagPE 30.000KE/1  Ex=1486.599eV WF=4.000eV Ck=XL Det=MCD Ent=6x12mm Exit=4mm
5693
6059
6464
6912
7653
8918
10585
13570
17914
23757
31171
38271
43829
44052
39103
30443
21135
13923
9455
7174
5582
4866
4158
3809
3390
3262
   579.00006   567.00006    -0.50000     1.00000     0.30000    25    30.0
LO MagPE 30.000KE/1  Ex=1486.599eV WF=4.000eV Ck=XL Det=MCD Ent=6x12mm Exit=4mm
6567
6906
7143
7374
7489
7918
8556
9217
10358
12204
13668
14949
14629
13112
11304
9489
8042
7139
6424
5883
5712
5366
5090
5023
4911
