Ag(111) limpa 3d e 3p
   371.00003   366.00003    -0.20000     1.00000     0.30000    26    30.0
LO MagPE 30.000KE/1  Ex=1486.599eV WF=4.000eV Ck=XL Det=MCD Ent=6x12mm Exit=4mm
4809
5162
5356
5894
6532
7350
8946
11027
14260
19196
24991
30981
35178
35753
32570
25685
17873
11629
8095
6109
4869
4078
3560
3214
3083
2920
   579.00006   567.00006    -0.50000     1.00000     0.30000    25    30.0
LO MagPE 30.000KE/1  Ex=1486.599eV WF=4.000eV Ck=XL Det=MCD Ent=6x12mm Exit=4mm
6316
6375
6615
6841
7032
7343
7853
8211
9256
10516
11742
12548
12405
11259
9739
8272
7375
6522
6144
5725
5448
5168
5056
4953
4968
