Ag(111) limpa 3d e 3p
   371.00003   366.00003    -0.20000     1.00000     0.30000    26    30.0
LO MagPE 30.000KE/1  Ex=1486.599eV WF=4.000eV Ck=XL Det=MCD Ent=6x12mm Exit=4mm
5487
5841
6325
6749
7482
8619
10398
12921
16689
22332
29837
36920
41911
43343
38931
30509
21601
14215
9708
7200
5732
4807
4241
3745
3474
3366
   579.00006   567.00006    -0.50000     1.00000     0.30000    25    30.0
LO MagPE 30.000KE/1  Ex=1486.599eV WF=4.000eV Ck=XL Det=MCD Ent=6x12mm Exit=4mm
6838
7031
7299
7466
7836
7829
8697
9410
10416
11809
13451
14222
14051
12971
11070
9443
8092
7049
6653
6115
5715
5599
5393
5173
5113
