Ag(111) limpa 3d e 3p
   371.00003   366.00003    -0.20000     1.00000     0.30000    26    30.0
LO MagPE 30.000KE/1  Ex=1486.599eV WF=4.000eV Ck=XL Det=MCD Ent=6x12mm Exit=4mm
5882
6236
6687
7444
8402
9856
11816
14996
19720
26137
33708
41370
46642
46316
41075
31764
22156
14576
10339
7659
5894
5036
4438
4103
3773
3556
   579.00006   567.00006    -0.50000     1.00000     0.30000    25    30.0
LO MagPE 30.000KE/1  Ex=1486.599eV WF=4.000eV Ck=XL Det=MCD Ent=6x12mm Exit=4mm
7994
8087
8185
8638
8811
9421
9778
10653
11950
13631
15400
16443
16083
14679
12666
10860
9290
8259
7715
7198
6830
6508
6396
6375
6033
