Ag(111) limpa 3d e 3p
   371.00003   366.00003    -0.20000     1.00000     0.30000    26    30.0
LO MagPE 30.000KE/1  Ex=1486.599eV WF=4.000eV Ck=XL Det=MCD Ent=6x12mm Exit=4mm
1946
1977
2109
2307
2519
2836
3402
4179
5388
7089
9475
11626
13206
13552
12050
9457
6447
4208
2796
2225
1832
1548
1376
1256
1213
1133
   579.00006   567.00006    -0.50000     1.00000     0.30000    25    30.0
LO MagPE 30.000KE/1  Ex=1486.599eV WF=4.000eV Ck=XL Det=MCD Ent=6x12mm Exit=4mm
2701
2676
2978
2968
3071
3034
3174
3452
3804
4325
4550
4710
4537
4095
3596
3177
2787
2461
2409
2189
2145
2055
1908
1964
1983
