Ag(111) limpa 3d e 3p
   371.00003   366.00003    -0.20000     1.00000     0.30000    26    30.0
LO MagPE 30.000KE/1  Ex=1486.599eV WF=4.000eV Ck=XL Det=MCD Ent=6x12mm Exit=4mm
4322
4551
4662
5128
5767
6492
7676
9641
12561
16494
21364
26470
29855
30853
27281
21672
15075
10186
7007
5360
4251
3689
3162
2903
2796
2685
   579.00006   567.00006    -0.50000     1.00000     0.30000    25    30.0
LO MagPE 30.000KE/1  Ex=1486.599eV WF=4.000eV Ck=XL Det=MCD Ent=6x12mm Exit=4mm
6170
6150
6365
6505
6622
6962
7268
7823
8587
9833
10821
11352
11281
10298
8952
7582
6839
6248
5785
5450
5353
5116
4997
4880
4822
