Ag(111) limpa 3d e 3p
   371.00003   366.00003    -0.20000     1.00000     0.30000    26    30.0
LO MagPE 30.000KE/1  Ex=1486.599eV WF=4.000eV Ck=XL Det=MCD Ent=6x12mm Exit=4mm
4846
5060
5419
5814
6438
7539
8820
10907
14158
19044
24497
30259
34415
35535
31957
25451
17637
11886
8073
6187
4862
4194
3721
3381
3095
3002
   579.00006   567.00006    -0.50000     1.00000     0.30000    25    30.0
LO MagPE 30.000KE/1  Ex=1486.599eV WF=4.000eV Ck=XL Det=MCD Ent=6x12mm Exit=4mm
6562
6619
6878
7030
7195
7743
8099
8602
9724
11028
12001
12552
12504
11461
9878
8640
7367
6743
6120
5826
5552
5396
5256
5264
5149
