Ag(111) limpa 3d e 3p
   371.00003   366.00003    -0.20000     1.00000     0.30000    26    30.0
LO MagPE 30.000KE/1  Ex=1486.599eV WF=4.000eV Ck=XL Det=MCD Ent=6x12mm Exit=4mm
1786
1875
2056
2286
2630
3142
3689
4876
6440
8413
11023
13322
15041
14523
13077
9564
6759
4493
3052
2306
1826
1479
1399
1164
1101
1083
   579.00006   567.00006    -0.50000     1.00000     0.30000    25    30.0
LO MagPE 30.000KE/1  Ex=1486.599eV WF=4.000eV Ck=XL Det=MCD Ent=6x12mm Exit=4mm
2409
2657
2556
2695
2810
2973
3148
3534
3993
4385
4937
5266
5172
4647
4065
3398
2860
2654
2449
2270
2187
2088
2016
2035
1914
