Ag(111) limpa 3d e 3p
   371.00003   366.00003    -0.20000     1.00000     0.30000    26    30.0
LO MagPE 30.000KE/1  Ex=1486.599eV WF=4.000eV Ck=XL Det=MCD Ent=6x12mm Exit=4mm
5316
5416
5844
6434
7036
8225
9936
12381
16306
21443
27972
34464
38777
39048
35043
27320
19039
12755
8822
6629
5420
4431
3948
3494
3252
3170
   579.00006   567.00006    -0.50000     1.00000     0.30000    25    30.0
LO MagPE 30.000KE/1  Ex=1486.599eV WF=4.000eV Ck=XL Det=MCD Ent=6x12mm Exit=4mm
7091
7216
7281
7513
7607
8149
8547
9365
10215
11601
12841
13672
13432
12214
10687
9233
8454
7420
7026
6501
6421
6080
6022
5828
5786
