Ag(111) limpa 3d e 3p
   371.00003   366.00003    -0.20000     1.00000     0.30000    26    30.0
LO MagPE 30.000KE/1  Ex=1486.599eV WF=4.000eV Ck=XL Det=MCD Ent=6x12mm Exit=4mm
1712
1712
1848
1933
2212
2488
2766
3658
4762
6305
8036
9724
11243
11239
9818
7705
5090
3452
2459
1930
1546
1350
1211
1105
1074
1022
   579.00006   567.00006    -0.50000     1.00000     0.30000    25    30.0
LO MagPE 30.000KE/1  Ex=1486.599eV WF=4.000eV Ck=XL Det=MCD Ent=6x12mm Exit=4mm
2336
2312
2470
2556
2665
2706
2696
2948
3311
3585
3655
3917
3788
3380
2984
2577
2274
2054
1982
1864
1738
1676
1742
1689
1635
