Ag(111) limpa 3d e 3p
   371.00003   366.00003    -0.20000     1.00000     0.30000    26    30.0
LO MagPE 30.000KE/1  Ex=1486.599eV WF=4.000eV Ck=XL Det=MCD Ent=6x12mm Exit=4mm
5685
5991
6440
6875
7841
9054
11087
13963
18274
24397
31772
39453
45211
45361
40150
31067
21369
14138
9711
7238
5721
4881
4124
3738
3455
3361
   579.00006   567.00006    -0.50000     1.00000     0.30000    25    30.0
LO MagPE 30.000KE/1  Ex=1486.599eV WF=4.000eV Ck=XL Det=MCD Ent=6x12mm Exit=4mm
6440
6678
6978
7216
7348
7848
8346
8966
10551
11824
13451
14295
14375
12775
11071
9125
8015
6915
6238
5835
5527
5259
5120
4943
4897
