Ag(111) limpa 3d e 3p
   371.00003   366.00003    -0.20000     1.00000     0.30000    26    30.0
LO MagPE 30.000KE/1  Ex=1486.599eV WF=4.000eV Ck=XL Det=MCD Ent=6x12mm Exit=4mm
2076
2112
2301
2708
2900
3470
4185
5312
7180
9528
12495
15269
17223
17128
15089
11274
7908
5197
3473
2599
2064
1817
1508
1296
1172
1164
   579.00006   567.00006    -0.50000     1.00000     0.30000    25    30.0
LO MagPE 30.000KE/1  Ex=1486.599eV WF=4.000eV Ck=XL Det=MCD Ent=6x12mm Exit=4mm
2581
2600
2725
2782
2832
3070
3291
3621
4097
4668
5157
5493
5612
5021
4326
3533
3094
2781
2608
2296
2278
2176
2131
2098
1984
