Ag(111) limpa 3d e 3p
   371.00003   366.00003    -0.20000     1.00000     0.30000    26    30.0
LO MagPE 30.000KE/1  Ex=1486.599eV WF=4.000eV Ck=XL Det=MCD Ent=6x12mm Exit=4mm
1743
1834
2024
2164
2365
2779
3568
4381
5866
7658
9890
12275
13548
13572
11657
9155
6195
4085
2862
2056
1692
1439
1244
1111
1039
1020
   579.00006   567.00006    -0.50000     1.00000     0.30000    25    30.0
LO MagPE 30.000KE/1  Ex=1486.599eV WF=4.000eV Ck=XL Det=MCD Ent=6x12mm Exit=4mm
2442
2483
2610
2727
2746
2932
3095
3359
3715
4207
4805
5112
5038
4430
4005
3252
2915
2619
2415
2255
2188
2133
2053
2085
1988
