Ag(111) limpa 3d e 3p
   371.00003   366.00003    -0.20000     1.00000     0.30000    26    30.0
LO MagPE 30.000KE/1  Ex=1486.599eV WF=4.000eV Ck=XL Det=MCD Ent=6x12mm Exit=4mm
1930
2124
2146
2305
2545
2844
3382
4152
5381
6894
8954
10740
12420
12810
11100
8656
6069
4246
2908
2314
1863
1621
1560
1333
1339
1304
   579.00006   567.00006    -0.50000     1.00000     0.30000    25    30.0
LO MagPE 30.000KE/1  Ex=1486.599eV WF=4.000eV Ck=XL Det=MCD Ent=6x12mm Exit=4mm
3271
3498
3590
3638
3766
3901
4186
4430
4931
5330
5274
5315
5084
4551
4050
3417
3077
2810
2595
2443
2421
2419
2320
2235
2233
