Ag(111) limpa 3d e 3p
   371.00003   366.00003    -0.20000     1.00000     0.30000    26    30.0
LO MagPE 30.000KE/1  Ex=1486.599eV WF=4.000eV Ck=XL Det=MCD Ent=6x12mm Exit=4mm
2365
2558
2556
2860
3176
3560
4306
5432
7132
9335
11927
14898
16585
16150
14029
10662
7273
4891
3403
2606
2167
1835
1658
1505
1373
1392
   579.00006   567.00006    -0.50000     1.00000     0.30000    25    30.0
LO MagPE 30.000KE/1  Ex=1486.599eV WF=4.000eV Ck=XL Det=MCD Ent=6x12mm Exit=4mm
3069
3186
3159
3353
3328
3564
3769
4076
4473
5028
5513
5811
5662
4883
4448
3701
3344
2959
2719
2515
2596
2500
2310
2300
2247
