Ag(111) limpa 3d e 3p
   371.00003   366.00003    -0.20000     1.00000     0.30000    26    30.0
LO MagPE 30.000KE/1  Ex=1486.599eV WF=4.000eV Ck=XL Det=MCD Ent=6x12mm Exit=4mm
5554
6054
6271
6948
7817
8777
10665
13192
17327
23113
30728
37909
43220
44313
39282
30516
21279
14031
9545
7244
5707
4814
4298
3876
3608
3371
   579.00006   567.00006    -0.50000     1.00000     0.30000    25    30.0
LO MagPE 30.000KE/1  Ex=1486.599eV WF=4.000eV Ck=XL Det=MCD Ent=6x12mm Exit=4mm
7235
7421
7882
7885
8240
8640
9068
9822
10986
12435
14311
15315
15265
13543
11592
9847
8626
7706
6998
6629
6382
6026
5821
5663
5529
