Ag(111) limpa 3d e 3p
   371.00003   366.00003    -0.20000     1.00000     0.30000    26    30.0
LO MagPE 30.000KE/1  Ex=1486.599eV WF=4.000eV Ck=XL Det=MCD Ent=6x12mm Exit=4mm
4594
4864
5122
5523
6194
6959
8354
10496
13591
18099
23486
29434
33782
34584
31141
24571
17246
11320
7981
5842
4645
4038
3406
3236
3010
2805
   579.00006   567.00006    -0.50000     1.00000     0.30000    25    30.0
LO MagPE 30.000KE/1  Ex=1486.599eV WF=4.000eV Ck=XL Det=MCD Ent=6x12mm Exit=4mm
6027
6152
6228
6458
6611
7064
7280
8000
8731
9848
11121
11674
11564
10631
8963
7585
6999
6218
5647
5262
5037
4744
4617
4592
4604
