Ag(111) limpa 3d e 3p
   371.00003   366.00003    -0.20000     1.00000     0.30000    26    30.0
LO MagPE 30.000KE/1  Ex=1486.599eV WF=4.000eV Ck=XL Det=MCD Ent=6x12mm Exit=4mm
3857
4026
4471
4766
5224
6152
7131
9033
11654
15764
20328
25048
28666
29498
25955
20555
14079
9554
6672
4948
3922
3284
3036
2732
2569
2279
   579.00006   567.00006    -0.50000     1.00000     0.30000    25    30.0
LO MagPE 30.000KE/1  Ex=1486.599eV WF=4.000eV Ck=XL Det=MCD Ent=6x12mm Exit=4mm
5333
5398
5683
5635
5995
6108
6643
6996
7788
8848
9687
10402
10275
9229
8096
7021
6014
5386
4971
4631
4473
4421
4302
4086
3986
