Ag(111) limpa 3d e 3p
   371.00003   366.00003    -0.20000     1.00000     0.30000    26    30.0
LO MagPE 30.000KE/1  Ex=1486.599eV WF=4.000eV Ck=XL Det=MCD Ent=6x12mm Exit=4mm
1542
1668
1789
2112
2352
2788
3438
4387
5676
7477
9892
12176
13646
13093
11496
8818
5988
3945
2781
1968
1603
1350
1158
1017
951
947
   579.00006   567.00006    -0.50000     1.00000     0.30000    25    30.0
LO MagPE 30.000KE/1  Ex=1486.599eV WF=4.000eV Ck=XL Det=MCD Ent=6x12mm Exit=4mm
2197
2214
2260
2419
2461
2523
2688
3039
3317
3776
4269
4622
4586
3950
3561
3032
2613
2365
2113
1968
2034
1867
1817
1872
1726
