Ag(111) limpa 3d e 3p
   371.00003   366.00003    -0.20000     1.00000     0.30000    26    30.0
LO MagPE 30.000KE/1  Ex=1486.599eV WF=4.000eV Ck=XL Det=MCD Ent=6x12mm Exit=4mm
1613
1758
1892
2066
2325
2682
3340
4218
5598
7403
9629
11713
13358
13537
11616
9111
6329
4225
2833
2002
1679
1353
1182
1034
983
924
   579.00006   567.00006    -0.50000     1.00000     0.30000    25    30.0
LO MagPE 30.000KE/1  Ex=1486.599eV WF=4.000eV Ck=XL Det=MCD Ent=6x12mm Exit=4mm
2339
2471
2426
2497
2622
2905
2921
3203
3709
3976
4610
5020
4920
4381
3769
3309
2851
2423
2314
2198
2154
1990
1876
1882
1843
