Ag(111) limpa 3d e 3p
   371.00003   366.00003    -0.20000     1.00000     0.30000    26    30.0
LO MagPE 30.000KE/1  Ex=1486.599eV WF=4.000eV Ck=XL Det=MCD Ent=6x12mm Exit=4mm
3851
3939
4192
4478
4873
5795
6721
8370
10787
14167
18526
22939
26129
27401
24300
19209
13521
9227
6373
4721
3840
3144
2857
2708
2477
2345
   579.00006   567.00006    -0.50000     1.00000     0.30000    25    30.0
LO MagPE 30.000KE/1  Ex=1486.599eV WF=4.000eV Ck=XL Det=MCD Ent=6x12mm Exit=4mm
5441
5674
5665
5977
6028
6223
6500
7015
7852
8761
9491
10105
9904
8968
8179
6918
6158
5708
5142
4979
4703
4647
4510
4398
4423
