Ag(111) limpa 3d e 3p
   371.00003   366.00003    -0.20000     1.00000     0.30000    26    30.0
LO MagPE 30.000KE/1  Ex=1486.599eV WF=4.000eV Ck=XL Det=MCD Ent=6x12mm Exit=4mm
4397
4758
5146
5688
6064
7012
8244
10150
13313
17299
22751
28444
31234
32078
28787
22745
15987
10668
7365
5666
4536
3827
3388
3156
2946
2863
   579.00006   567.00006    -0.50000     1.00000     0.30000    25    30.0
LO MagPE 30.000KE/1  Ex=1486.599eV WF=4.000eV Ck=XL Det=MCD Ent=6x12mm Exit=4mm
6853
6842
7051
7151
7345
7699
8084
8705
9359
10539
11669
12653
12367
11353
10108
8717
7761
7147
6626
6185
5906
5721
5760
5690
5491
