Ag(111) limpa 3d e 3p
   371.00003   366.00003    -0.20000     1.00000     0.30000    26    30.0
LO MagPE 30.000KE/1  Ex=1486.599eV WF=4.000eV Ck=XL Det=MCD Ent=6x12mm Exit=4mm
2402
2650
2971
3207
3645
4213
5153
6910
8995
12199
15792
19397
21215
21179
18448
13925
9775
6442
4276
3164
2493
2038
1755
1519
1449
1413
   579.00006   567.00006    -0.50000     1.00000     0.30000    25    30.0
LO MagPE 30.000KE/1  Ex=1486.599eV WF=4.000eV Ck=XL Det=MCD Ent=6x12mm Exit=4mm
2789
2931
2960
3153
3288
3507
3808
4254
4894
5788
6702
7023
6892
6208
5081
4289
3744
3173
2902
2623
2376
2314
2219
2159
2085
