Ag(111) limpa 3d e 3p
   371.00003   366.00003    -0.20000     1.00000     0.30000    26    30.0
LO MagPE 30.000KE/1  Ex=1486.599eV WF=4.000eV Ck=XL Det=MCD Ent=6x12mm Exit=4mm
2003
2199
2297
2605
2955
3536
4138
5236
7074
9348
12224
15045
17050
17154
14927
11689
7994
5421
3642
2565
2066
1748
1541
1312
1279
1225
   579.00006   567.00006    -0.50000     1.00000     0.30000    25    30.0
LO MagPE 30.000KE/1  Ex=1486.599eV WF=4.000eV Ck=XL Det=MCD Ent=6x12mm Exit=4mm
2621
2667
2823
2914
2815
2989
3285
3668
4056
4614
5490
5720
5681
5147
4379
3742
3244
2781
2562
2348
2249
2192
2100
2129
2131
