Ag(111) limpa 3d e 3p
   371.00003   366.00003    -0.20000     1.00000     0.30000    26    30.0
LO MagPE 30.000KE/1  Ex=1486.599eV WF=4.000eV Ck=XL Det=MCD Ent=6x12mm Exit=4mm
1679
1707
1829
1871
2145
2419
2834
3493
4531
5962
7768
9486
10445
10342
9169
6978
4916
3124
2261
1844
1562
1316
1213
1078
1048
996
   579.00006   567.00006    -0.50000     1.00000     0.30000    25    30.0
LO MagPE 30.000KE/1  Ex=1486.599eV WF=4.000eV Ck=XL Det=MCD Ent=6x12mm Exit=4mm
2634
2930
3025
2959
3125
3158
3201
3566
3832
4083
4194
4201
3956
3503
3108
2752
2390
2370
2136
2039
2013
1968
1981
1779
1808
