Ag(111) limpa 3d e 3p
   371.00003   366.00003    -0.20000     1.00000     0.30000    26    30.0
LO MagPE 30.000KE/1  Ex=1486.599eV WF=4.000eV Ck=XL Det=MCD Ent=6x12mm Exit=4mm
4748
5038
5427
5868
6499
7500
8939
11343
14772
19657
25080
30868
34546
34917
31224
24018
16917
11460
8058
5912
4951
4042
3560
3354
3198
2890
   579.00006   567.00006    -0.50000     1.00000     0.30000    25    30.0
LO MagPE 30.000KE/1  Ex=1486.599eV WF=4.000eV Ck=XL Det=MCD Ent=6x12mm Exit=4mm
7063
7255
7520
7606
7856
8255
8474
9169
10079
11282
12553
13215
13226
11984
10608
9268
8115
7355
7031
6555
6334
6127
6006
5940
5779
