Ag(111) limpa 3d e 3p
   371.00003   366.00003    -0.20000     1.00000     0.30000    26    30.0
LO MagPE 30.000KE/1  Ex=1486.599eV WF=4.000eV Ck=XL Det=MCD Ent=6x12mm Exit=4mm
4073
4089
4441
4935
5332
6152
7459
9063
11605
15172
20145
24428
27667
27764
24553
19460
13536
9221
6386
4759
3806
3308
2971
2789
2563
2514
   579.00006   567.00006    -0.50000     1.00000     0.30000    25    30.0
LO MagPE 30.000KE/1  Ex=1486.599eV WF=4.000eV Ck=XL Det=MCD Ent=6x12mm Exit=4mm
6150
6308
6257
6494
6649
6878
7200
7506
8422
9341
10234
10825
10887
10022
8710
7695
6815
6147
5813
5589
5373
5266
5096
4948
4897
