Ag(111) limpa 3d e 3p
   371.00003   366.00003    -0.20000     1.00000     0.30000    26    30.0
LO MagPE 30.000KE/1  Ex=1486.599eV WF=4.000eV Ck=XL Det=MCD Ent=6x12mm Exit=4mm
4771
5167
5537
5984
6714
7598
9035
11240
14744
19277
25375
31536
35933
37254
33552
26274
18533
12155
8666
6397
4936
4178
3670
3410
3096
2998
   579.00006   567.00006    -0.50000     1.00000     0.30000    25    30.0
LO MagPE 30.000KE/1  Ex=1486.599eV WF=4.000eV Ck=XL Det=MCD Ent=6x12mm Exit=4mm
6257
6629
6713
6982
7229
7436
7849
8765
9829
11329
12091
13097
12883
11656
10134
8644
7465
6750
6255
5812
5491
5291
5113
5055
5003
