Ag(111) limpa 3d e 3p
   371.00003   366.00003    -0.20000     1.00000     0.30000    26    30.0
LO MagPE 30.000KE/1  Ex=1486.599eV WF=4.000eV Ck=XL Det=MCD Ent=6x12mm Exit=4mm
1697
1802
1898
2063
2389
2758
3444
4200
5417
7225
9781
11612
13260
13176
11755
9228
6510
4156
2918
2251
1733
1374
1239
1142
1029
1030
   579.00006   567.00006    -0.50000     1.00000     0.30000    25    30.0
LO MagPE 30.000KE/1  Ex=1486.599eV WF=4.000eV Ck=XL Det=MCD Ent=6x12mm Exit=4mm
2495
2397
2517
2603
2789
2856
2929
3340
3756
4205
4594
4908
4854
4481
3800
3330
2928
2638
2461
2202
2125
2092
1995
1962
1902
