Ag(111) limpa 3d e 3p
   371.00003   366.00003    -0.20000     1.00000     0.30000    26    30.0
LO MagPE 30.000KE/1  Ex=1486.599eV WF=4.000eV Ck=XL Det=MCD Ent=6x12mm Exit=4mm
1778
1820
1987
2184
2447
2852
3625
4494
5899
8035
10154
12441
13873
13573
11889
9051
6310
4298
2819
2092
1687
1394
1281
1175
1016
1031
   579.00006   567.00006    -0.50000     1.00000     0.30000    25    30.0
LO MagPE 30.000KE/1  Ex=1486.599eV WF=4.000eV Ck=XL Det=MCD Ent=6x12mm Exit=4mm
2656
2758
2654
2745
2863
3021
3242
3547
3870
4420
4902
5201
5184
4736
3968
3437
2981
2747
2599
2297
2212
2148
2158
2128
2099
