Ag(111) limpa 3d e 3p
   371.00003   366.00003    -0.20000     1.00000     0.30000    26    30.0
LO MagPE 30.000KE/1  Ex=1486.599eV WF=4.000eV Ck=XL Det=MCD Ent=6x12mm Exit=4mm
2190
2243
2398
2538
2851
3164
3846
4863
6224
8144
10756
13196
14742
14951
13445
10430
7131
4778
3406
2585
2140
1785
1609
1485
1331
1303
   579.00006   567.00006    -0.50000     1.00000     0.30000    25    30.0
LO MagPE 30.000KE/1  Ex=1486.599eV WF=4.000eV Ck=XL Det=MCD Ent=6x12mm Exit=4mm
3007
3147
3145
3261
3379
3500
3678
3913
4312
4700
5228
5327
5282
4680
4123
3616
3164
2856
2628
2441
2458
2347
2317
2226
2214
