Ag(111) limpa 3d e 3p
   371.00003   366.00003    -0.20000     1.00000     0.30000    26    30.0
LO MagPE 30.000KE/1  Ex=1486.599eV WF=4.000eV Ck=XL Det=MCD Ent=6x12mm Exit=4mm
5460
5870
6272
6787
7535
8784
10534
13515
17250
22862
29720
36787
41700
42340
38114
29911
20892
13969
9545
7030
5596
4743
4070
3666
3671
3423
   579.00006   567.00006    -0.50000     1.00000     0.30000    25    30.0
LO MagPE 30.000KE/1  Ex=1486.599eV WF=4.000eV Ck=XL Det=MCD Ent=6x12mm Exit=4mm
7200
7370
7749
8033
8130
8534
9154
10001
11045
12779
14072
15283
14939
13746
11593
10149
8837
7777
7378
6826
6562
6350
6057
5945
5986
