Ag(111) limpa 3d e 3p
   371.00003   366.00003    -0.20000     1.00000     0.30000    26    30.0
LO MagPE 30.000KE/1  Ex=1486.599eV WF=4.000eV Ck=XL Det=MCD Ent=6x12mm Exit=4mm
1869
2006
2100
2390
2781
3276
3856
5082
6635
8621
11268
13931
15236
15271
13361
10348
7152
4765
3215
2355
1904
1673
1417
1245
1186
1117
   579.00006   567.00006    -0.50000     1.00000     0.30000    25    30.0
LO MagPE 30.000KE/1  Ex=1486.599eV WF=4.000eV Ck=XL Det=MCD Ent=6x12mm Exit=4mm
2655
2733
2736
2818
2995
3235
3284
3987
4260
5088
5700
5950
5965
5551
4542
3740
3161
2921
2615
2388
2291
2195
2073
2044
1928
