Ag(111) limpa 3d e 3p
   371.00003   366.00003    -0.20000     1.00000     0.30000    26    30.0
LO MagPE 30.000KE/1  Ex=1486.599eV WF=4.000eV Ck=XL Det=MCD Ent=6x12mm Exit=4mm
1832
2021
2115
2412
2756
3194
3785
4949
6504
8584
11176
13707
15131
15273
13153
10045
6991
4495
3082
2314
1896
1629
1319
1306
1156
1159
   579.00006   567.00006    -0.50000     1.00000     0.30000    25    30.0
LO MagPE 30.000KE/1  Ex=1486.599eV WF=4.000eV Ck=XL Det=MCD Ent=6x12mm Exit=4mm
2482
2560
2778
2764
2894
2973
3228
3493
3887
4506
4996
5282
5124
4719
4005
3470
3090
2747
2437
2492
2299
2260
2163
2101
2033
