Ag(111) limpa 3d e 3p
   371.00003   366.00003    -0.20000     1.00000     0.30000    26    30.0
LO MagPE 30.000KE/1  Ex=1486.599eV WF=4.000eV Ck=XL Det=MCD Ent=6x12mm Exit=4mm
1720
1798
1916
2191
2481
2840
3508
4677
5856
7902
10295
12794
14336
14258
12367
9593
6639
4451
3097
2221
1851
1493
1267
1189
1056
990
   579.00006   567.00006    -0.50000     1.00000     0.30000    25    30.0
LO MagPE 30.000KE/1  Ex=1486.599eV WF=4.000eV Ck=XL Det=MCD Ent=6x12mm Exit=4mm
2254
2352
2290
2449
2562
2604
2782
3193
3578
4128
4614
4830
4872
4287
3755
3183
2886
2513
2341
2131
2024
1938
1887
1880
1745
