Ag(111) limpa 3d e 3p
   371.00003   366.00003    -0.20000     1.00000     0.30000    26    30.0
LO MagPE 30.000KE/1  Ex=1486.599eV WF=4.000eV Ck=XL Det=MCD Ent=6x12mm Exit=4mm
1802
1869
2045
2157
2517
2840
3455
4449
5875
7928
10214
12637
14106
14099
12500
9659
6761
4322
2980
2273
1836
1430
1335
1164
1073
1048
   579.00006   567.00006    -0.50000     1.00000     0.30000    25    30.0
LO MagPE 30.000KE/1  Ex=1486.599eV WF=4.000eV Ck=XL Det=MCD Ent=6x12mm Exit=4mm
2458
2657
2610
2751
2825
2948
3167
3439
3872
4454
4862
5211
5226
4653
4123
3422
2934
2813
2448
2363
2218
2184
2050
2123
2026
