Ag(111) limpa 3d e 3p
   371.00003   366.00003    -0.20000     1.00000     0.30000    26    30.0
LO MagPE 30.000KE/1  Ex=1486.599eV WF=4.000eV Ck=XL Det=MCD Ent=6x12mm Exit=4mm
2479
2619
2780
3044
3378
3858
4725
5861
7569
10180
13429
16098
18174
18146
15781
12167
8194
5457
3902
2984
2442
2025
1786
1550
1611
1543
   579.00006   567.00006    -0.50000     1.00000     0.30000    25    30.0
LO MagPE 30.000KE/1  Ex=1486.599eV WF=4.000eV Ck=XL Det=MCD Ent=6x12mm Exit=4mm
3251
3453
3557
3566
3679
3817
3923
4309
4766
5599
6151
6330
6213
5658
4738
4072
3624
3192
2970
2711
2567
2540
2520
2366
2304
