Ag(111) limpa 3d e 3p
   371.00003   366.00003    -0.20000     1.00000     0.30000    26    30.0
LO MagPE 30.000KE/1  Ex=1486.599eV WF=4.000eV Ck=XL Det=MCD Ent=6x12mm Exit=4mm
4322
4792
5164
5443
6148
6938
8080
10246
13053
17554
22731
27706
31115
32068
28596
22879
16052
10902
7490
5544
4583
3895
3421
3152
2930
2799
   579.00006   567.00006    -0.50000     1.00000     0.30000    25    30.0
LO MagPE 30.000KE/1  Ex=1486.599eV WF=4.000eV Ck=XL Det=MCD Ent=6x12mm Exit=4mm
6573
6622
6789
6980
7177
7504
7899
8527
9664
10484
11651
12246
11976
11145
9849
8346
7509
6833
6563
6024
5841
5785
5535
5452
5424
