Ag(111) limpa 3d e 3p
   371.00003   366.00003    -0.20000     1.00000     0.30000    26    30.0
LO MagPE 30.000KE/1  Ex=1486.599eV WF=4.000eV Ck=XL Det=MCD Ent=6x12mm Exit=4mm
1733
1702
1978
2175
2472
3002
3704
4627
6281
8357
10976
13112
14778
14400
12567
9649
6618
4313
2936
2119
1710
1397
1235
1075
1028
984
   579.00006   567.00006    -0.50000     1.00000     0.30000    25    30.0
LO MagPE 30.000KE/1  Ex=1486.599eV WF=4.000eV Ck=XL Det=MCD Ent=6x12mm Exit=4mm
2278
2285
2416
2459
2614
2740
2935
3237
3701
4104
4671
4999
5033
4457
3793
3285
2800
2483
2274
2125
1956
1993
1816
1775
1766
