Ag(111) limpa 3d e 3p
   371.00003   366.00003    -0.20000     1.00000     0.30000    26    30.0
LO MagPE 30.000KE/1  Ex=1486.599eV WF=4.000eV Ck=XL Det=MCD Ent=6x12mm Exit=4mm
3205
3228
3332
3597
3970
4517
5138
6289
8111
10508
13874
17313
20143
20920
19004
15087
10736
7275
5004
3721
3076
2617
2331
2186
1966
1961
   579.00006   567.00006    -0.50000     1.00000     0.30000    25    30.0
LO MagPE 30.000KE/1  Ex=1486.599eV WF=4.000eV Ck=XL Det=MCD Ent=6x12mm Exit=4mm
4911
4970
5165
5163
5420
5432
5737
6299
6842
7678
7705
8069
7788
7175
6239
5506
4838
4446
4176
4051
3791
3782
3512
3605
3591
