Ag(111) limpa 3d e 3p
   371.00003   366.00003    -0.20000     1.00000     0.30000    26    30.0
LO MagPE 30.000KE/1  Ex=1486.599eV WF=4.000eV Ck=XL Det=MCD Ent=6x12mm Exit=4mm
1397
1504
1536
1678
1852
2012
2500
3043
3878
5072
6524
7900
9210
9050
8065
6156
4241
2962
1996
1614
1260
1097
1047
952
914
841
   579.00006   567.00006    -0.50000     1.00000     0.30000    25    30.0
LO MagPE 30.000KE/1  Ex=1486.599eV WF=4.000eV Ck=XL Det=MCD Ent=6x12mm Exit=4mm
2062
2265
2272
2355
2454
2376
2565
2697
3085
3202
3394
3395
3428
3209
2678
2370
2120
2114
1944
1749
1746
1673
1643
1625
1489
