Ag(111) limpa 3d e 3p
   371.00003   366.00003    -0.20000     1.00000     0.30000    26    30.0
LO MagPE 30.000KE/1  Ex=1486.599eV WF=4.000eV Ck=XL Det=MCD Ent=6x12mm Exit=4mm
5752
6138
6578
6914
7933
9136
10942
14049
18038
23929
31304
39266
43886
44779
39845
30962
21780
14384
10055
7466
5823
4882
4190
3855
3622
3454
   579.00006   567.00006    -0.50000     1.00000     0.30000    25    30.0
LO MagPE 30.000KE/1  Ex=1486.599eV WF=4.000eV Ck=XL Det=MCD Ent=6x12mm Exit=4mm
7256
7405
7567
7722
7925
8450
8865
9594
10765
12345
14218
14851
14724
13484
11679
9891
8474
7518
7039
6618
6173
6080
5873
5747
5646
