Ag(111) limpa 3d e 3p
   371.00003   366.00003    -0.20000     1.00000     0.30000    26    30.0
LO MagPE 30.000KE/1  Ex=1486.599eV WF=4.000eV Ck=XL Det=MCD Ent=6x12mm Exit=4mm
3025
3004
3312
3406
3875
4254
4906
6055
7575
9848
12999
15964
18573
19539
17648
14496
10290
6728
4802
3651
3068
2614
2237
2085
2052
1963
   579.00006   567.00006    -0.50000     1.00000     0.30000    25    30.0
LO MagPE 30.000KE/1  Ex=1486.599eV WF=4.000eV Ck=XL Det=MCD Ent=6x12mm Exit=4mm
4811
5100
5249
5195
5375
5476
5706
6091
6756
7108
7638
7770
7585
7060
6227
5536
5083
4611
4406
4256
3997
3909
3854
3815
3790
