Ag(111) limpa 3d e 3p
   371.00003   366.00003    -0.20000     1.00000     0.30000    26    30.0
LO MagPE 30.000KE/1  Ex=1486.599eV WF=4.000eV Ck=XL Det=MCD Ent=6x12mm Exit=4mm
5121
5395
5655
6158
6914
7722
9441
11753
15202
20194
26746
33091
37381
38360
34378
26607
18842
12156
8594
6328
4960
4236
3684
3418
3112
3017
   579.00006   567.00006    -0.50000     1.00000     0.30000    25    30.0
LO MagPE 30.000KE/1  Ex=1486.599eV WF=4.000eV Ck=XL Det=MCD Ent=6x12mm Exit=4mm
6358
6572
6604
6965
7063
7288
7743
8657
9280
10685
11842
12886
12491
11618
9972
8550
7463
6719
6270
5786
5388
5317
5182
5031
4885
