Ag(111) limpa 3d e 3p
   371.00003   366.00003    -0.20000     1.00000     0.30000    26    30.0
LO MagPE 30.000KE/1  Ex=1486.599eV WF=4.000eV Ck=XL Det=MCD Ent=6x12mm Exit=4mm
4700
4786
5191
5590
6262
7175
8520
10426
13550
17945
23427
29038
33309
33948
30878
23990
16999
11418
7815
5928
4661
3925
3582
3172
2995
2913
   579.00006   567.00006    -0.50000     1.00000     0.30000    25    30.0
LO MagPE 30.000KE/1  Ex=1486.599eV WF=4.000eV Ck=XL Det=MCD Ent=6x12mm Exit=4mm
6598
6844
6642
6975
7319
7500
7813
8558
9082
10088
11395
11992
11845
10823
9648
8401
7474
6794
6414
5975
5604
5628
5497
5421
5314
