Ag(111) limpa 3d e 3p
   371.00003   366.00003    -0.20000     1.00000     0.30000    26    30.0
LO MagPE 30.000KE/1  Ex=1486.599eV WF=4.000eV Ck=XL Det=MCD Ent=6x12mm Exit=4mm
5019
5285
5491
6334
6932
7961
9565
12199
15755
20741
26805
33499
37345
37839
33545
26285
18366
12418
8577
6372
5097
4320
3697
3360
3150
3144
   579.00006   567.00006    -0.50000     1.00000     0.30000    25    30.0
LO MagPE 30.000KE/1  Ex=1486.599eV WF=4.000eV Ck=XL Det=MCD Ent=6x12mm Exit=4mm
7264
7545
7623
7587
8084
8315
8886
9692
10748
11933
13684
14525
14189
12875
11328
9804
8577
7921
7180
6524
6426
6378
6098
5949
5994
