Ag(111) limpa 3d e 3p
   371.00003   366.00003    -0.20000     1.00000     0.30000    26    30.0
LO MagPE 30.000KE/1  Ex=1486.599eV WF=4.000eV Ck=XL Det=MCD Ent=6x12mm Exit=4mm
6080
6449
6841
7507
8489
9789
11854
15237
19628
26552
34212
42221
47507
46939
41460
32576
22467
14902
10290
7615
5906
5107
4478
4087
3710
3553
   579.00006   567.00006    -0.50000     1.00000     0.30000    25    30.0
LO MagPE 30.000KE/1  Ex=1486.599eV WF=4.000eV Ck=XL Det=MCD Ent=6x12mm Exit=4mm
7523
7623
7850
8155
8376
8857
9430
10301
11568
13290
14886
15804
15537
14065
12066
10307
8967
8123
7421
6930
6422
6374
6178
6002
5939
