Ag(111) limpa 3d e 3p
   371.00003   366.00003    -0.20000     1.00000     0.30000    26    30.0
LO MagPE 30.000KE/1  Ex=1486.599eV WF=4.000eV Ck=XL Det=MCD Ent=6x12mm Exit=4mm
4768
5084
5300
5794
6354
7273
8884
10976
14136
18954
24431
29975
34139
34480
30959
24264
17162
11541
8075
5829
4794
4147
3672
3321
2991
2925
   579.00006   567.00006    -0.50000     1.00000     0.30000    25    30.0
LO MagPE 30.000KE/1  Ex=1486.599eV WF=4.000eV Ck=XL Det=MCD Ent=6x12mm Exit=4mm
6887
7131
7223
7486
7654
7772
8281
8873
9968
10922
12195
12852
12904
11769
10282
9029
8004
7247
6731
6464
6253
5900
5796
5773
5703
