Ag(111) limpa 3d e 3p
   371.00003   366.00003    -0.20000     1.00000     0.30000    26    30.0
LO MagPE 30.000KE/1  Ex=1486.599eV WF=4.000eV Ck=XL Det=MCD Ent=6x12mm Exit=4mm
3824
4061
4249
4616
4979
5681
6693
8226
10601
13998
18276
23015
26332
27383
25005
19757
14002
9228
6329
4811
3821
3206
2796
2657
2406
2223
   579.00006   567.00006    -0.50000     1.00000     0.30000    25    30.0
LO MagPE 30.000KE/1  Ex=1486.599eV WF=4.000eV Ck=XL Det=MCD Ent=6x12mm Exit=4mm
5165
5388
5607
5525
5853
6214
6369
6820
7529
8566
9419
9878
9724
9010
7608
6580
5846
5237
4792
4553
4410
4040
4069
4016
3913
