Ag(111) limpa 3d e 3p
   371.00003   366.00003    -0.20000     1.00000     0.30000    26    30.0
LO MagPE 30.000KE/1  Ex=1486.599eV WF=4.000eV Ck=XL Det=MCD Ent=6x12mm Exit=4mm
5878
6075
6717
7292
8035
9345
11223
14133
18309
24602
32342
40343
45927
46682
41790
32484
22686
14726
10266
7667
6196
5041
4447
3999
3666
3587
   579.00006   567.00006    -0.50000     1.00000     0.30000    25    30.0
LO MagPE 30.000KE/1  Ex=1486.599eV WF=4.000eV Ck=XL Det=MCD Ent=6x12mm Exit=4mm
7374
7750
7860
8279
8391
8642
9362
10128
11593
12988
14765
15675
15758
14235
11925
10317
8896
7964
7174
6677
6244
5988
5933
5924
5659
