Ag(111) limpa 3d e 3p
   371.00003   366.00003    -0.20000     1.00000     0.30000    26    30.0
LO MagPE 30.000KE/1  Ex=1486.599eV WF=4.000eV Ck=XL Det=MCD Ent=6x12mm Exit=4mm
1580
1767
1787
1986
2196
2708
3146
4036
5327
7300
9189
10896
12531
12310
10666
8261
5683
3739
2636
1908
1577
1351
1140
1020
1044
917
   579.00006   567.00006    -0.50000     1.00000     0.30000    25    30.0
LO MagPE 30.000KE/1  Ex=1486.599eV WF=4.000eV Ck=XL Det=MCD Ent=6x12mm Exit=4mm
2351
2497
2501
2569
2632
2653
2807
3239
3609
4124
4617
4791
4716
4363
3836
3179
2822
2460
2322
2197
2051
1993
2001
1925
1765
