Ag(111) limpa 3d e 3p
   371.00003   366.00003    -0.20000     1.00000     0.30000    26    30.0
LO MagPE 30.000KE/1  Ex=1486.599eV WF=4.000eV Ck=XL Det=MCD Ent=6x12mm Exit=4mm
5418
5823
6372
6928
7713
8920
10662
13643
17784
23616
30466
37505
42524
42953
37847
29491
20920
13974
9627
6976
5681
4755
4097
3807
3410
3337
   579.00006   567.00006    -0.50000     1.00000     0.30000    25    30.0
LO MagPE 30.000KE/1  Ex=1486.599eV WF=4.000eV Ck=XL Det=MCD Ent=6x12mm Exit=4mm
7477
7864
8051
8258
8699
9118
9677
10460
11789
13440
15086
16105
15752
14597
12276
10401
9123
8293
7444
6910
6667
6684
6336
6153
6021
