Ag(111) limpa 3d e 3p
   371.00003   366.00003    -0.20000     1.00000     0.30000    26    30.0
LO MagPE 30.000KE/1  Ex=1486.599eV WF=4.000eV Ck=XL Det=MCD Ent=6x12mm Exit=4mm
4840
5089
5378
5953
6513
7532
9049
11100
14413
19248
25062
31041
35515
36139
32286
25618
18078
11911
8216
6242
4924
4265
3759
3356
3191
3011
   579.00006   567.00006    -0.50000     1.00000     0.30000    25    30.0
LO MagPE 30.000KE/1  Ex=1486.599eV WF=4.000eV Ck=XL Det=MCD Ent=6x12mm Exit=4mm
7043
7219
7355
7581
7722
8106
8534
9092
10028
11349
12465
13234
13129
11921
10383
9314
8128
7502
6817
6580
6377
6248
5790
5898
5822
