Ag(111) limpa 3d e 3p
   371.00003   366.00003    -0.20000     1.00000     0.30000    26    30.0
LO MagPE 30.000KE/1  Ex=1486.599eV WF=4.000eV Ck=XL Det=MCD Ent=6x12mm Exit=4mm
2296
2402
2514
2568
2863
3357
3890
4812
6228
8345
10637
13231
15164
15356
13769
10573
7292
5083
3462
2565
2202
1833
1636
1512
1463
1373
   579.00006   567.00006    -0.50000     1.00000     0.30000    25    30.0
LO MagPE 30.000KE/1  Ex=1486.599eV WF=4.000eV Ck=XL Det=MCD Ent=6x12mm Exit=4mm
3335
3423
3476
3571
3722
3901
4026
4429
4859
5265
5549
5571
5386
4824
4066
3650
3218
2885
2684
2564
2447
2406
2344
2231
2303
