Ag(111) limpa 3d e 3p
   371.00003   366.00003    -0.20000     1.00000     0.30000    26    30.0
LO MagPE 30.000KE/1  Ex=1486.599eV WF=4.000eV Ck=XL Det=MCD Ent=6x12mm Exit=4mm
4999
5338
5557
6072
6668
7967
9442
11806
15195
20232
26056
32447
36610
37114
33169
25993
18004
12217
8292
6238
5083
4202
3823
3436
3207
2958
   579.00006   567.00006    -0.50000     1.00000     0.30000    25    30.0
LO MagPE 30.000KE/1  Ex=1486.599eV WF=4.000eV Ck=XL Det=MCD Ent=6x12mm Exit=4mm
6914
7034
7324
7452
7719
8233
8492
9191
10116
11226
12819
13372
13485
12078
10415
9199
8059
7348
6864
6350
6140
6012
5844
5645
5624
