Ag(111) limpa 3d e 3p
   371.00003   366.00003    -0.20000     1.00000     0.30000    26    30.0
LO MagPE 30.000KE/1  Ex=1486.599eV WF=4.000eV Ck=XL Det=MCD Ent=6x12mm Exit=4mm
2363
2387
2508
2745
3084
3568
4137
5176
6756
8913
11450
14341
16240
16211
14141
11108
7560
5000
3517
2685
2218
1883
1669
1534
1505
1392
   579.00006   567.00006    -0.50000     1.00000     0.30000    25    30.0
LO MagPE 30.000KE/1  Ex=1486.599eV WF=4.000eV Ck=XL Det=MCD Ent=6x12mm Exit=4mm
3323
3408
3544
3598
3678
3748
3999
4268
4734
5340
5632
5840
5667
5140
4451
3713
3299
2952
2762
2603
2513
2331
2345
2227
2297
