Ag(111) limpa 3d e 3p
   371.00003   366.00003    -0.20000     1.00000     0.30000    26    30.0
LO MagPE 30.000KE/1  Ex=1486.599eV WF=4.000eV Ck=XL Det=MCD Ent=6x12mm Exit=4mm
2075
2180
2438
2630
2941
3593
4326
5465
7389
9693
12519
15651
17189
17393
15394
11628
7832
5496
3594
2716
2144
1762
1547
1370
1245
1237
   579.00006   567.00006    -0.50000     1.00000     0.30000    25    30.0
LO MagPE 30.000KE/1  Ex=1486.599eV WF=4.000eV Ck=XL Det=MCD Ent=6x12mm Exit=4mm
2690
2728
2783
2839
2889
3087
3468
3725
4269
4770
5511
5821
5631
5239
4420
3810
3186
2808
2611
2500
2216
2197
2152
2124
2003
