Ag(111) limpa 3d e 3p
   371.00003   366.00003    -0.20000     1.00000     0.30000    26    30.0
LO MagPE 30.000KE/1  Ex=1486.599eV WF=4.000eV Ck=XL Det=MCD Ent=6x12mm Exit=4mm
1920
2145
2228
2579
2927
3412
4208
5182
7073
9664
12579
15165
17162
16874
14771
11504
7870
5064
3483
2587
2024
1728
1448
1290
1169
1189
   579.00006   567.00006    -0.50000     1.00000     0.30000    25    30.0
LO MagPE 30.000KE/1  Ex=1486.599eV WF=4.000eV Ck=XL Det=MCD Ent=6x12mm Exit=4mm
2342
2400
2415
2676
2644
2803
2994
3351
3912
4444
5028
5408
5278
4666
4002
3426
2997
2567
2292
2191
2067
2042
1886
1863
1791
