Ag(111) limpa 3d e 3p
   371.00003   366.00003    -0.20000     1.00000     0.30000    26    30.0
LO MagPE 30.000KE/1  Ex=1486.599eV WF=4.000eV Ck=XL Det=MCD Ent=6x12mm Exit=4mm
4041
4274
4461
4817
5341
6125
7260
8928
11581
15045
19476
24666
27796
28353
25865
20407
14636
9681
6598
4961
3963
3348
2920
2791
2529
2509
   579.00006   567.00006    -0.50000     1.00000     0.30000    25    30.0
LO MagPE 30.000KE/1  Ex=1486.599eV WF=4.000eV Ck=XL Det=MCD Ent=6x12mm Exit=4mm
5986
6246
6296
6377
6533
6753
7093
7604
8527
9564
10542
11062
11262
10224
8738
7667
6646
6117
5700
5447
4998
4913
4882
4754
4717
