Ag(111) limpa 3d e 3p
   371.00003   366.00003    -0.20000     1.00000     0.30000    26    30.0
LO MagPE 30.000KE/1  Ex=1486.599eV WF=4.000eV Ck=XL Det=MCD Ent=6x12mm Exit=4mm
1832
1905
2094
2095
2287
2584
3056
3753
4682
5852
7796
9562
10767
10887
9589
7237
5213
3609
2612
2100
1734
1522
1409
1275
1183
1176
   579.00006   567.00006    -0.50000     1.00000     0.30000    25    30.0
LO MagPE 30.000KE/1  Ex=1486.599eV WF=4.000eV Ck=XL Det=MCD Ent=6x12mm Exit=4mm
3496
3511
3644
3700
3959
3941
4032
4386
4929
5102
4935
4549
4455
3938
3575
3168
2855
2530
2438
2314
2296
2388
2240
2195
2154
