Ag(111) limpa 3d e 3p
   371.00003   366.00003    -0.20000     1.00000     0.30000    26    30.0
LO MagPE 30.000KE/1  Ex=1486.599eV WF=4.000eV Ck=XL Det=MCD Ent=6x12mm Exit=4mm
5444
5799
6237
6630
7527
8694
10512
13284
17057
22805
30097
36743
41389
42203
37710
29573
20866
13908
9390
7065
5671
4682
4141
3766
3371
3339
   579.00006   567.00006    -0.50000     1.00000     0.30000    25    30.0
LO MagPE 30.000KE/1  Ex=1486.599eV WF=4.000eV Ck=XL Det=MCD Ent=6x12mm Exit=4mm
7353
7712
7670
8021
8363
8511
9270
10054
11227
12746
14104
15070
15009
13641
11825
10155
8725
8010
7290
6744
6382
6241
6023
6068
5909
