Ag(111) limpa 3d e 3p
   371.00003   366.00003    -0.20000     1.00000     0.30000    26    30.0
LO MagPE 30.000KE/1  Ex=1486.599eV WF=4.000eV Ck=XL Det=MCD Ent=6x12mm Exit=4mm
2078
2052
2204
2504
2798
3273
4065
5084
6833
9254
11808
14353
16082
16134
14013
11039
7553
5056
3299
2543
2033
1654
1444
1335
1209
1192
   579.00006   567.00006    -0.50000     1.00000     0.30000    25    30.0
LO MagPE 30.000KE/1  Ex=1486.599eV WF=4.000eV Ck=XL Det=MCD Ent=6x12mm Exit=4mm
2575
2670
2826
2890
2906
3198
3360
3623
4225
4793
5556
5777
5695
5297
4456
3867
3370
2826
2496
2494
2225
2181
2103
2049
1993
