Ag(111) limpa 3d e 3p
   371.00003   366.00003    -0.20000     1.00000     0.30000    26    30.0
LO MagPE 30.000KE/1  Ex=1486.599eV WF=4.000eV Ck=XL Det=MCD Ent=6x12mm Exit=4mm
5462
5859
6237
6681
7491
8607
10526
12911
17114
22471
29630
36464
41785
42928
38283
29690
20891
14037
9508
7163
5669
4669
4213
3625
3510
3295
   579.00006   567.00006    -0.50000     1.00000     0.30000    25    30.0
LO MagPE 30.000KE/1  Ex=1486.599eV WF=4.000eV Ck=XL Det=MCD Ent=6x12mm Exit=4mm
7331
7647
7677
7905
8056
8597
9259
9917
10961
12764
14204
15293
15142
13633
11774
10131
8810
7909
7382
6873
6455
6282
6206
5982
5852
