Ag(111) limpa 3d e 3p
   371.00003   366.00003    -0.20000     1.00000     0.30000    26    30.0
LO MagPE 30.000KE/1  Ex=1486.599eV WF=4.000eV Ck=XL Det=MCD Ent=6x12mm Exit=4mm
2026
2139
2391
2605
3038
3457
4168
5328
6954
9530
12651
15049
16831
16757
14448
11069
7742
5178
3603
2520
2041
1685
1519
1371
1193
1076
   579.00006   567.00006    -0.50000     1.00000     0.30000    25    30.0
LO MagPE 30.000KE/1  Ex=1486.599eV WF=4.000eV Ck=XL Det=MCD Ent=6x12mm Exit=4mm
2676
2710
2803
2951
3105
3305
3475
3733
4308
4783
5467
5901
5690
5155
4463
3869
3209
2784
2675
2365
2357
2240
2216
2119
2080
