Ag(111) limpa 3d e 3p
   371.00003   366.00003    -0.20000     1.00000     0.30000    26    30.0
LO MagPE 30.000KE/1  Ex=1486.599eV WF=4.000eV Ck=XL Det=MCD Ent=6x12mm Exit=4mm
1619
1867
1999
2147
2449
2991
3471
4424
5948
7964
10298
12699
14228
14065
12584
9779
6635
4407
2982
2237
1758
1434
1276
1139
1117
929
   579.00006   567.00006    -0.50000     1.00000     0.30000    25    30.0
LO MagPE 30.000KE/1  Ex=1486.599eV WF=4.000eV Ck=XL Det=MCD Ent=6x12mm Exit=4mm
2297
2295
2477
2404
2540
2603
2861
3219
3675
3952
4609
4847
4785
4440
3661
3156
2739
2394
2245
2135
1990
1995
1827
1837
1840
