Ag(111) limpa 3d e 3p
   371.00003   366.00003    -0.20000     1.00000     0.30000    26    30.0
LO MagPE 30.000KE/1  Ex=1486.599eV WF=4.000eV Ck=XL Det=MCD Ent=6x12mm Exit=4mm
1669
1847
1952
2099
2457
2726
3499
4361
5669
7628
9846
12124
13916
13891
12197
9249
6473
4349
3004
2213
1670
1491
1282
1120
1017
994
   579.00006   567.00006    -0.50000     1.00000     0.30000    25    30.0
LO MagPE 30.000KE/1  Ex=1486.599eV WF=4.000eV Ck=XL Det=MCD Ent=6x12mm Exit=4mm
2394
2369
2354
2492
2565
2735
2889
3239
3625
4050
4629
4980
4958
4493
3729
3229
2844
2548
2261
2150
2042
1876
1927
1853
1868
