Ag(111) limpa 3d e 3p
   371.00003   366.00003    -0.20000     1.00000     0.30000    26    30.0
LO MagPE 30.000KE/1  Ex=1486.599eV WF=4.000eV Ck=XL Det=MCD Ent=6x12mm Exit=4mm
1967
2087
2225
2522
2737
3232
4062
5133
6964
9233
11867
14603
16243
16156
14016
10644
7235
4834
3196
2380
1979
1613
1410
1270
1143
1094
   579.00006   567.00006    -0.50000     1.00000     0.30000    25    30.0
LO MagPE 30.000KE/1  Ex=1486.599eV WF=4.000eV Ck=XL Det=MCD Ent=6x12mm Exit=4mm
2562
2573
2609
2728
2926
3008
3147
3494
3927
4565
5195
5635
5514
4885
4224
3544
2996
2730
2389
2262
2145
2030
2031
1967
1995
