Ag(111) limpa 3d e 3p
   371.00003   366.00003    -0.20000     1.00000     0.30000    26    30.0
LO MagPE 30.000KE/1  Ex=1486.599eV WF=4.000eV Ck=XL Det=MCD Ent=6x12mm Exit=4mm
5120
5366
5659
6124
6819
7824
9322
11741
15537
20064
26524
33382
37777
38418
34074
26822
18764
12393
8539
6344
4975
4264
3848
3436
3198
3006
   579.00006   567.00006    -0.50000     1.00000     0.30000    25    30.0
LO MagPE 30.000KE/1  Ex=1486.599eV WF=4.000eV Ck=XL Det=MCD Ent=6x12mm Exit=4mm
6353
6454
6520
6903
7064
7284
7866
8617
9575
10945
12336
13182
13204
11889
10346
8747
7576
6668
5995
5603
5496
5226
5032
4880
4876
