Ag(111) limpa 3d e 3p
   371.00003   366.00003    -0.20000     1.00000     0.30000    26    30.0
LO MagPE 30.000KE/1  Ex=1486.599eV WF=4.000eV Ck=XL Det=MCD Ent=6x12mm Exit=4mm
4454
4697
4917
5291
5916
6739
8218
10030
13354
17793
23685
29544
32915
33269
29347
22727
15703
10357
7047
5244
4354
3690
3159
2871
2733
2621
   579.00006   567.00006    -0.50000     1.00000     0.30000    25    30.0
LO MagPE 30.000KE/1  Ex=1486.599eV WF=4.000eV Ck=XL Det=MCD Ent=6x12mm Exit=4mm
5121
5269
5268
5494
5612
5799
6279
6905
7626
8649
9665
10238
10118
9073
7740
6752
5878
5099
4635
4391
4276
4055
3830
3720
3728
