Ag(111) limpa 3d e 3p
   371.00003   366.00003    -0.20000     1.00000     0.30000    26    30.0
LO MagPE 30.000KE/1  Ex=1486.599eV WF=4.000eV Ck=XL Det=MCD Ent=6x12mm Exit=4mm
4784
4996
5279
5732
6251
7458
8509
10696
13850
18366
24088
29712
33668
33945
30607
24130
16797
11187
7803
5884
4638
3985
3435
3171
2850
2925
   579.00006   567.00006    -0.50000     1.00000     0.30000    25    30.0
LO MagPE 30.000KE/1  Ex=1486.599eV WF=4.000eV Ck=XL Det=MCD Ent=6x12mm Exit=4mm
6603
6762
6846
7095
7194
7584
7909
8641
9390
10572
12012
12801
12629
11479
9907
8658
7588
7082
6381
5940
5682
5586
5421
5416
5192
