Ag(111) limpa 3d e 3p
   371.00003   366.00003    -0.20000     1.00000     0.30000    26    30.0
LO MagPE 30.000KE/1  Ex=1486.599eV WF=4.000eV Ck=XL Det=MCD Ent=6x12mm Exit=4mm
4884
5098
5679
6106
6855
7909
9479
11896
15736
20869
26770
32852
36703
36953
32582
25315
17442
11714
8186
6122
5036
4191
3696
3433
3144
3045
   579.00006   567.00006    -0.50000     1.00000     0.30000    25    30.0
LO MagPE 30.000KE/1  Ex=1486.599eV WF=4.000eV Ck=XL Det=MCD Ent=6x12mm Exit=4mm
7218
7677
7628
7854
8153
8451
8882
9620
10670
12047
13360
14206
14161
12858
11228
9717
8572
7797
7379
6941
6672
6447
6253
6304
5946
