Ag(111) limpa 3d e 3p
   371.00003   366.00003    -0.20000     1.00000     0.30000    26    30.0
LO MagPE 30.000KE/1  Ex=1486.599eV WF=4.000eV Ck=XL Det=MCD Ent=6x12mm Exit=4mm
1506
1454
1674
1704
1909
2154
2670
3135
4165
5303
6935
8582
9499
9444
8398
6414
4392
2971
2111
1639
1358
1176
1038
980
892
889
   579.00006   567.00006    -0.50000     1.00000     0.30000    25    30.0
LO MagPE 30.000KE/1  Ex=1486.599eV WF=4.000eV Ck=XL Det=MCD Ent=6x12mm Exit=4mm
2351
2429
2445
2484
2532
2602
2653
2880
3149
3433
3577
3600
3492
3216
2787
2401
2256
2030
1800
1837
1798
1690
1686
1554
1748
