Ag(111) limpa 3d e 3p
   371.00003   366.00003    -0.20000     1.00000     0.30000    26    30.0
LO MagPE 30.000KE/1  Ex=1486.599eV WF=4.000eV Ck=XL Det=MCD Ent=6x12mm Exit=4mm
2127
2392
2566
2745
3078
3683
4500
5822
7681
10129
13326
16271
18052
17868
15736
12001
8099
5446
3681
2733
2190
1815
1612
1416
1243
1208
   579.00006   567.00006    -0.50000     1.00000     0.30000    25    30.0
LO MagPE 30.000KE/1  Ex=1486.599eV WF=4.000eV Ck=XL Det=MCD Ent=6x12mm Exit=4mm
2742
2817
2814
2907
3113
3289
3396
3955
4338
5075
5674
6061
5948
5332
4566
3822
3386
2921
2635
2579
2324
2286
2210
2242
2117
