Ag(111) limpa 3d e 3p
   371.00003   366.00003    -0.20000     1.00000     0.30000    26    30.0
LO MagPE 30.000KE/1  Ex=1486.599eV WF=4.000eV Ck=XL Det=MCD Ent=6x12mm Exit=4mm
2017
2135
2157
2416
2892
3328
4219
5257
7111
9258
11913
14937
16544
16530
14325
11004
7551
4965
3378
2561
1951
1649
1363
1275
1184
1145
   579.00006   567.00006    -0.50000     1.00000     0.30000    25    30.0
LO MagPE 30.000KE/1  Ex=1486.599eV WF=4.000eV Ck=XL Det=MCD Ent=6x12mm Exit=4mm
2336
2451
2479
2498
2708
2808
2994
3319
3849
4590
5187
5705
5351
4886
4125
3423
2836
2574
2423
2172
2040
1935
1925
1857
1816
