Ag(111) limpa 3d e 3p
   371.00003   366.00003    -0.20000     1.00000     0.30000    26    30.0
LO MagPE 30.000KE/1  Ex=1486.599eV WF=4.000eV Ck=XL Det=MCD Ent=6x12mm Exit=4mm
3218
3387
3401
3726
4081
4681
5491
6709
8668
11253
14753
18354
21369
22064
19912
15739
11118
7439
5150
3960
3013
2767
2380
2142
1998
2017
   579.00006   567.00006    -0.50000     1.00000     0.30000    25    30.0
LO MagPE 30.000KE/1  Ex=1486.599eV WF=4.000eV Ck=XL Det=MCD Ent=6x12mm Exit=4mm
4724
4869
4853
5054
5094
5258
5625
5950
6335
7105
7747
8124
8067
7125
6493
5562
5055
4541
4236
3954
3704
3755
3569
3647
3547
