Ag(111) limpa 3d e 3p
   371.00003   366.00003    -0.20000     1.00000     0.30000    26    30.0
LO MagPE 30.000KE/1  Ex=1486.599eV WF=4.000eV Ck=XL Det=MCD Ent=6x12mm Exit=4mm
2003
2076
2257
2501
2843
3388
4057
5169
6983
9654
12467
15089
16847
16664
14679
10993
7694
4960
3342
2582
1978
1650
1436
1239
1173
1122
   579.00006   567.00006    -0.50000     1.00000     0.30000    25    30.0
LO MagPE 30.000KE/1  Ex=1486.599eV WF=4.000eV Ck=XL Det=MCD Ent=6x12mm Exit=4mm
2311
2483
2464
2523
2632
2846
2982
3446
3811
4524
4900
5404
5282
4683
4046
3315
2848
2644
2341
2173
2063
1983
1835
1844
1812
