Ag(111) limpa 3d e 3p
   371.00003   366.00003    -0.20000     1.00000     0.30000    26    30.0
LO MagPE 30.000KE/1  Ex=1486.599eV WF=4.000eV Ck=XL Det=MCD Ent=6x12mm Exit=4mm
6825
7220
7807
8793
9853
11580
13958
17677
23175
30988
40744
49891
56366
56118
49284
37745
26419
17215
11957
8852
7599
5732
5067
4579
5291
4153
   579.00006   567.00006    -0.50000     1.00000     0.30000    25    30.0
LO MagPE 30.000KE/1  Ex=1486.599eV WF=4.000eV Ck=XL Det=MCD Ent=6x12mm Exit=4mm
7995
8178
8654
8814
9236
9664
10363
11470
13169
15099
17335
18437
18324
16262
13932
11793
10201
8825
8097
7690
6881
6809
6467
6234
6061
