Ag(111) limpa 3d e 3p
   371.00003   366.00003    -0.20000     1.00000     0.30000    26    30.0
LO MagPE 30.000KE/1  Ex=1486.599eV WF=4.000eV Ck=XL Det=MCD Ent=6x12mm Exit=4mm
4864
5095
5443
5931
6493
7472
9012
11348
14822
19431
25584
31925
36576
37288
33734
26179
18025
12048
8112
6178
4905
4010
3582
3159
3040
2921
   579.00006   567.00006    -0.50000     1.00000     0.30000    25    30.0
LO MagPE 30.000KE/1  Ex=1486.599eV WF=4.000eV Ck=XL Det=MCD Ent=6x12mm Exit=4mm
5832
5916
6189
6347
6389
6707
7255
7653
8617
10076
11123
11946
11775
10700
9096
7733
6676
5949
5506
4981
4813
4639
4356
4491
4293
