Ag(111) limpa 3d e 3p
   371.00003   366.00003    -0.20000     1.00000     0.30000    26    30.0
LO MagPE 30.000KE/1  Ex=1486.599eV WF=4.000eV Ck=XL Det=MCD Ent=6x12mm Exit=4mm
2115
2358
2456
2816
3200
3738
4380
5652
7716
10069
12962
16654
18772
18889
16760
12913
8941
5820
3945
2928
2277
1790
1593
1434
1263
1265
   579.00006   567.00006    -0.50000     1.00000     0.30000    25    30.0
LO MagPE 30.000KE/1  Ex=1486.599eV WF=4.000eV Ck=XL Det=MCD Ent=6x12mm Exit=4mm
2595
2592
2767
2869
2959
3205
3413
3870
4325
5005
5903
6217
6260
5566
4745
3827
3266
2966
2616
2408
2268
2010
2019
1999
1949
