Ag(111) limpa 3d e 3p
   371.00003   366.00003    -0.20000     1.00000     0.30000    26    30.0
LO MagPE 30.000KE/1  Ex=1486.599eV WF=4.000eV Ck=XL Det=MCD Ent=6x12mm Exit=4mm
3783
3716
3991
4492
4974
5414
6548
7938
10381
13667
18041
22459
25534
26158
23743
18998
13301
8702
6148
4581
3679
3074
2717
2539
2439
2227
   579.00006   567.00006    -0.50000     1.00000     0.30000    25    30.0
LO MagPE 30.000KE/1  Ex=1486.599eV WF=4.000eV Ck=XL Det=MCD Ent=6x12mm Exit=4mm
4997
5109
5304
5432
5640
5755
6198
6508
7156
7986
8897
9268
9151
8480
7369
6403
5719
5212
4716
4433
4269
4056
3957
4016
3792
