Ag(111) limpa 3d e 3p
   371.00003   366.00003    -0.20000     1.00000     0.30000    26    30.0
LO MagPE 30.000KE/1  Ex=1486.599eV WF=4.000eV Ck=XL Det=MCD Ent=6x12mm Exit=4mm
3219
3309
3520
3753
4070
4610
5305
6570
8359
11098
14214
17536
20251
21317
19546
15416
11091
7494
4988
3997
3185
2712
2355
2162
2029
1950
   579.00006   567.00006    -0.50000     1.00000     0.30000    25    30.0
LO MagPE 30.000KE/1  Ex=1486.599eV WF=4.000eV Ck=XL Det=MCD Ent=6x12mm Exit=4mm
4873
5092
5067
5219
5235
5569
5801
6312
6895
7265
7677
7798
7778
7120
6273
5431
4855
4372
4032
3915
3840
3713
3663
3436
3499
