Ag(111) limpa 3d e 3p
   371.00003   366.00003    -0.20000     1.00000     0.30000    26    30.0
LO MagPE 30.000KE/1  Ex=1486.599eV WF=4.000eV Ck=XL Det=MCD Ent=6x12mm Exit=4mm
2354
2462
2754
3001
3463
4061
5099
6396
8677
11604
15218
18297
20595
20165
17732
13723
9185
6229
4160
3083
2475
1991
1743
1507
1439
1406
   579.00006   567.00006    -0.50000     1.00000     0.30000    25    30.0
LO MagPE 30.000KE/1  Ex=1486.599eV WF=4.000eV Ck=XL Det=MCD Ent=6x12mm Exit=4mm
2784
2832
3034
3044
3274
3378
3734
4154
4682
5509
6066
6781
6768
6051
5033
4241
3590
2997
2743
2539
2351
2324
2179
2175
2144
