Ag(111) limpa 3d e 3p
   371.00003   366.00003    -0.20000     1.00000     0.30000    26    30.0
LO MagPE 30.000KE/1  Ex=1486.599eV WF=4.000eV Ck=XL Det=MCD Ent=6x12mm Exit=4mm
6181
6391
6875
7397
8286
9692
11691
14675
19492
25909
33798
41648
46710
47146
42001
32728
23076
14948
10354
7695
6164
5210
4510
4072
3771
3602
   579.00006   567.00006    -0.50000     1.00000     0.30000    25    30.0
LO MagPE 30.000KE/1  Ex=1486.599eV WF=4.000eV Ck=XL Det=MCD Ent=6x12mm Exit=4mm
7799
7933
8245
8368
8634
9107
9848
10472
12183
13578
15560
16494
16199
14769
12565
10732
9280
8283
7605
7029
6872
6373
6381
6231
5946
