Ag(111) limpa 3d e 3p
   371.00003   366.00003    -0.20000     1.00000     0.30000    26    30.0
LO MagPE 30.000KE/1  Ex=1486.599eV WF=4.000eV Ck=XL Det=MCD Ent=6x12mm Exit=4mm
5969
6322
6673
7331
8021
9446
11359
14343
18837
24901
32797
40159
45710
46529
41197
31937
22440
14948
10165
7606
6045
4920
4424
4010
3684
3547
   579.00006   567.00006    -0.50000     1.00000     0.30000    25    30.0
LO MagPE 30.000KE/1  Ex=1486.599eV WF=4.000eV Ck=XL Det=MCD Ent=6x12mm Exit=4mm
7536
7679
7926
8029
8349
8896
9501
10218
11481
13204
14921
16011
15475
14202
12383
10278
8985
8188
7507
6855
6546
6199
6024
6019
5819
