Ag(111) limpa 3d e 3p
   371.00003   366.00003    -0.20000     1.00000     0.30000    26    30.0
LO MagPE 30.000KE/1  Ex=1486.599eV WF=4.000eV Ck=XL Det=MCD Ent=6x12mm Exit=4mm
2055
1979
2186
2274
2550
2893
3414
4110
5326
7183
9103
11343
12888
12774
11431
8945
6377
4124
2955
2237
1810
1624
1452
1301
1258
1209
   579.00006   567.00006    -0.50000     1.00000     0.30000    25    30.0
LO MagPE 30.000KE/1  Ex=1486.599eV WF=4.000eV Ck=XL Det=MCD Ent=6x12mm Exit=4mm
2921
3030
3117
3197
3314
3277
3472
3756
4007
4272
4725
4710
4662
4204
3848
3303
2913
2736
2670
2405
2494
2345
2311
2301
2209
