Ag(111) limpa 3d e 3p
   371.00003   366.00003    -0.20000     1.00000     0.30000    26    30.0
LO MagPE 30.000KE/1  Ex=1486.599eV WF=4.000eV Ck=XL Det=MCD Ent=6x12mm Exit=4mm
4801
5334
5524
5965
6644
7718
9034
11468
14955
19733
25693
31814
36280
36924
32829
26241
17998
12079
8281
6266
5068
4264
3746
3393
3269
3080
   579.00006   567.00006    -0.50000     1.00000     0.30000    25    30.0
LO MagPE 30.000KE/1  Ex=1486.599eV WF=4.000eV Ck=XL Det=MCD Ent=6x12mm Exit=4mm
6656
6993
7159
7358
7553
7733
8122
8747
9576
10963
12233
12949
12673
11721
10096
8890
7753
7212
6687
6325
5994
5824
5620
5575
5412
