Ag(111) limpa 3d e 3p
   371.00003   366.00003    -0.20000     1.00000     0.30000    26    30.0
LO MagPE 30.000KE/1  Ex=1486.599eV WF=4.000eV Ck=XL Det=MCD Ent=6x12mm Exit=4mm
7061
7350
8074
9059
10046
11509
14154
18381
23938
31923
41363
50840
57288
56547
49354
38353
26672
17373
12029
8865
7098
5882
5109
4591
4318
4196
   579.00006   567.00006    -0.50000     1.00000     0.30000    25    30.0
LO MagPE 30.000KE/1  Ex=1486.599eV WF=4.000eV Ck=XL Det=MCD Ent=6x12mm Exit=4mm
8341
8676
8968
9282
9645
10150
11042
12205
13870
16164
18707
19915
19269
17553
14862
12405
10376
9174
8360
7695
7170
6855
6565
6371
6326
