Ag(111) limpa 3d e 3p
   371.00003   366.00003    -0.20000     1.00000     0.30000    26    30.0
LO MagPE 30.000KE/1  Ex=1486.599eV WF=4.000eV Ck=XL Det=MCD Ent=6x12mm Exit=4mm
3973
4058
4409
4866
5411
6137
7255
9096
11564
15392
19683
25436
29077
29945
26880
21270
14673
9711
6648
4983
4005
3480
2957
2605
2516
2404
   579.00006   567.00006    -0.50000     1.00000     0.30000    25    30.0
LO MagPE 30.000KE/1  Ex=1486.599eV WF=4.000eV Ck=XL Det=MCD Ent=6x12mm Exit=4mm
5349
5377
5558
5732
5908
6298
6411
7108
7704
8853
9578
10147
9929
8971
7822
6440
5689
5004
4672
4298
4075
3956
3682
3725
3666
