Ag(111) limpa 3d e 3p
   371.00003   366.00003    -0.20000     1.00000     0.30000    26    30.0
LO MagPE 30.000KE/1  Ex=1486.599eV WF=4.000eV Ck=XL Det=MCD Ent=6x12mm Exit=4mm
6314
6786
7348
8136
9063
10710
13037
16015
21376
28703
37512
45361
51470
50818
44919
34102
23657
15676
10770
8072
6252
5389
4775
4274
3978
3756
   579.00006   567.00006    -0.50000     1.00000     0.30000    25    30.0
LO MagPE 30.000KE/1  Ex=1486.599eV WF=4.000eV Ck=XL Det=MCD Ent=6x12mm Exit=4mm
7595
7971
8114
8350
8625
9144
9879
10494
12002
13713
15596
16445
16331
14550
12473
10630
9183
8040
7412
7012
6582
6362
6108
5934
5894
