Ag(111) limpa 3d e 3p
   371.00003   366.00003    -0.20000     1.00000     0.30000    26    30.0
LO MagPE 30.000KE/1  Ex=1486.599eV WF=4.000eV Ck=XL Det=MCD Ent=6x12mm Exit=4mm
5674
6005
6446
7162
7983
9207
10990
13619
18196
23981
31269
38930
44355
45294
40132
31317
21836
14145
9840
7276
5833
4883
4187
3843
3528
3488
   579.00006   567.00006    -0.50000     1.00000     0.30000    25    30.0
LO MagPE 30.000KE/1  Ex=1486.599eV WF=4.000eV Ck=XL Det=MCD Ent=6x12mm Exit=4mm
6602
6890
7034
7449
7702
8114
8629
9403
10901
12557
14159
15427
14823
13312
11402
9472
7792
7112
6269
5555
5453
5127
5086
4838
4834
