Ag(111) limpa 3d e 3p
   371.00003   366.00003    -0.20000     1.00000     0.30000    26    30.0
LO MagPE 30.000KE/1  Ex=1486.599eV WF=4.000eV Ck=XL Det=MCD Ent=6x12mm Exit=4mm
3482
3570
3824
3899
4326
5023
5833
7096
9231
12202
15903
19895
22688
23551
21531
16947
11809
7881
5610
4206
3390
2812
2526
2322
2178
2104
   579.00006   567.00006    -0.50000     1.00000     0.30000    25    30.0
LO MagPE 30.000KE/1  Ex=1486.599eV WF=4.000eV Ck=XL Det=MCD Ent=6x12mm Exit=4mm
4929
5118
5050
5267
5393
5608
5823
6055
6806
7557
8078
8505
8508
7749
6628
5773
5193
4597
4223
4112
3837
3939
3715
3594
3566
