Ag(111) limpa 3d e 3p
   371.00003   366.00003    -0.20000     1.00000     0.30000    26    30.0
LO MagPE 30.000KE/1  Ex=1486.599eV WF=4.000eV Ck=XL Det=MCD Ent=6x12mm Exit=4mm
3652
3711
4037
4291
4754
5277
6332
7805
10149
13689
18028
21714
24764
25228
22498
17586
12232
7983
5636
4208
3328
2994
2680
2418
2246
2088
   579.00006   567.00006    -0.50000     1.00000     0.30000    25    30.0
LO MagPE 30.000KE/1  Ex=1486.599eV WF=4.000eV Ck=XL Det=MCD Ent=6x12mm Exit=4mm
4960
5057
5225
5332
5422
5748
6062
6746
7440
8147
8945
9579
9448
8731
7457
6415
5584
4885
4610
4243
4088
3886
3901
3550
3827
