Ag(111) limpa 3d e 3p
   371.00003   366.00003    -0.20000     1.00000     0.30000    26    30.0
LO MagPE 30.000KE/1  Ex=1486.599eV WF=4.000eV Ck=XL Det=MCD Ent=6x12mm Exit=4mm
2108
2302
2545
2802
3092
3602
4577
5825
7799
10323
13608
16490
18555
18365
15988
12221
8477
5437
3710
2786
2132
1786
1509
1343
1310
1194
   579.00006   567.00006    -0.50000     1.00000     0.30000    25    30.0
LO MagPE 30.000KE/1  Ex=1486.599eV WF=4.000eV Ck=XL Det=MCD Ent=6x12mm Exit=4mm
2548
2602
2708
2677
2965
3096
3307
3713
4300
4807
5528
5926
5716
5219
4462
3698
3211
2811
2532
2457
2153
2164
2052
1987
1985
