Ag(111) limpa 3d e 3p
   371.00003   366.00003    -0.20000     1.00000     0.30000    26    30.0
LO MagPE 30.000KE/1  Ex=1486.599eV WF=4.000eV Ck=XL Det=MCD Ent=6x12mm Exit=4mm
1901
2090
2130
2251
2556
2793
3341
4126
5378
6924
8787
10925
12578
12810
11333
8784
6189
4181
2903
2204
1848
1629
1442
1248
1234
1206
   579.00006   567.00006    -0.50000     1.00000     0.30000    25    30.0
LO MagPE 30.000KE/1  Ex=1486.599eV WF=4.000eV Ck=XL Det=MCD Ent=6x12mm Exit=4mm
2941
3008
3228
3143
3312
3338
3497
3767
4144
4394
4714
4847
4676
4257
3862
3219
2997
2806
2556
2378
2407
2458
2241
2175
2218
