Ag(111) limpa 3d e 3p
   371.00003   366.00003    -0.20000     1.00000     0.30000    26    30.0
LO MagPE 30.000KE/1  Ex=1486.599eV WF=4.000eV Ck=XL Det=MCD Ent=6x12mm Exit=4mm
6360
6821
7231
8212
9051
10474
12490
15796
20812
27828
36780
45785
52030
53242
47231
36981
25952
17120
11595
8439
6739
5547
4960
4420
4054
3911
   579.00006   567.00006    -0.50000     1.00000     0.30000    25    30.0
LO MagPE 30.000KE/1  Ex=1486.599eV WF=4.000eV Ck=XL Det=MCD Ent=6x12mm Exit=4mm
7822
8207
8450
8645
8959
9393
10419
11446
12706
14888
16980
18492
17964
16276
13734
11719
10025
8656
8030
7281
6745
6488
6312
5955
6046
