Ag(111) limpa 3d e 3p
   371.00003   366.00003    -0.20000     1.00000     0.30000    26    30.0
LO MagPE 30.000KE/1  Ex=1486.599eV WF=4.000eV Ck=XL Det=MCD Ent=6x12mm Exit=4mm
5857
6037
6554
7090
8121
9182
11323
14225
18438
24399
31934
39437
44693
45692
40582
31824
22432
14765
10087
7401
6008
4998
4410
3962
3679
3519
   579.00006   567.00006    -0.50000     1.00000     0.30000    25    30.0
LO MagPE 30.000KE/1  Ex=1486.599eV WF=4.000eV Ck=XL Det=MCD Ent=6x12mm Exit=4mm
7592
7447
7626
7989
8170
8522
9269
10291
11371
13031
14710
15854
15735
14198
12014
10233
8803
8100
7228
6894
6337
6214
5862
5834
5727
