Ag(111) limpa 3d e 3p
   371.00003   366.00003    -0.20000     1.00000     0.30000    26    30.0
LO MagPE 30.000KE/1  Ex=1486.599eV WF=4.000eV Ck=XL Det=MCD Ent=6x12mm Exit=4mm
1923
2034
2150
2443
2568
2948
3611
4398
5662
7555
9449
12003
13308
13361
11714
8855
6146
4043
2882
2234
1790
1558
1453
1279
1220
1181
   579.00006   567.00006    -0.50000     1.00000     0.30000    25    30.0
LO MagPE 30.000KE/1  Ex=1486.599eV WF=4.000eV Ck=XL Det=MCD Ent=6x12mm Exit=4mm
2806
2914
2900
2882
2989
3200
3282
3567
3923
4401
4790
4970
4847
4406
3760
3225
2945
2641
2383
2309
2208
2217
2049
1932
1948
