Ag(111) limpa 3d e 3p
   371.00003   366.00003    -0.20000     1.00000     0.30000    26    30.0
LO MagPE 30.000KE/1  Ex=1486.599eV WF=4.000eV Ck=XL Det=MCD Ent=6x12mm Exit=4mm
4863
5133
5574
5908
6533
7568
8825
11308
14665
19534
25315
31279
36031
36281
32554
25947
18019
11913
8366
6126
4934
4142
3625
3261
3052
2902
   579.00006   567.00006    -0.50000     1.00000     0.30000    25    30.0
LO MagPE 30.000KE/1  Ex=1486.599eV WF=4.000eV Ck=XL Det=MCD Ent=6x12mm Exit=4mm
6123
6314
6344
6678
6806
7289
7315
8060
9013
10306
11260
12016
12117
10703
9473
8105
7090
6261
5888
5451
5220
5180
4889
4805
4684
