Ag(111) limpa 3d e 3p
   371.00003   366.00003    -0.20000     1.00000     0.30000    26    30.0
LO MagPE 30.000KE/1  Ex=1486.599eV WF=4.000eV Ck=XL Det=MCD Ent=6x12mm Exit=4mm
5840
5952
6341
7035
7824
9187
10771
13508
17504
23491
30481
38018
43403
44251
39682
31063
21621
14366
9964
7458
5704
4854
4217
3820
3747
3506
   579.00006   567.00006    -0.50000     1.00000     0.30000    25    30.0
LO MagPE 30.000KE/1  Ex=1486.599eV WF=4.000eV Ck=XL Det=MCD Ent=6x12mm Exit=4mm
7279
7432
7618
7886
8241
8628
8984
9801
10889
12473
14101
14938
15060
13772
11659
10033
8748
7777
7131
6602
6334
6247
5771
5789
5627
