Ag(111) limpa 3d e 3p
   371.00003   366.00003    -0.20000     1.00000     0.30000    26    30.0
LO MagPE 30.000KE/1  Ex=1486.599eV WF=4.000eV Ck=XL Det=MCD Ent=6x12mm Exit=4mm
4683
4802
5273
5671
6132
7094
8514
10616
13777
18015
23468
29176
33197
33995
30617
24178
16921
11363
7774
5797
4742
4055
3532
3217
3023
2828
   579.00006   567.00006    -0.50000     1.00000     0.30000    25    30.0
LO MagPE 30.000KE/1  Ex=1486.599eV WF=4.000eV Ck=XL Det=MCD Ent=6x12mm Exit=4mm
6370
6578
6688
6911
7033
7583
7834
8485
9274
10551
11337
12309
12086
11010
9554
8319
7429
6777
6219
6079
5648
5444
5326
5148
5163
