Ag(111) limpa 3d e 3p
   371.00003   366.00003    -0.20000     1.00000     0.30000    26    30.0
LO MagPE 30.000KE/1  Ex=1486.599eV WF=4.000eV Ck=XL Det=MCD Ent=6x12mm Exit=4mm
1741
1887
2014
2275
2505
2899
3417
4347
5941
7881
10269
12611
13899
13972
12207
9470
6662
4410
3073
2121
1688
1445
1256
1212
1069
991
   579.00006   567.00006    -0.50000     1.00000     0.30000    25    30.0
LO MagPE 30.000KE/1  Ex=1486.599eV WF=4.000eV Ck=XL Det=MCD Ent=6x12mm Exit=4mm
2538
2502
2627
2703
2792
2961
3060
3300
3760
4330
4801
5113
4941
4652
3924
3255
2900
2657
2325
2260
2129
2092
2094
1984
2011
