Ag(111) limpa 3d e 3p
   371.00003   366.00003    -0.20000     1.00000     0.30000    26    30.0
LO MagPE 30.000KE/1  Ex=1486.599eV WF=4.000eV Ck=XL Det=MCD Ent=6x12mm Exit=4mm
3945
4149
4519
4830
5216
6079
7074
8966
11703
15145
19864
24670
28315
28738
25910
20079
14236
9372
6609
4860
3873
3519
2933
2577
2525
2428
   579.00006   567.00006    -0.50000     1.00000     0.30000    25    30.0
LO MagPE 30.000KE/1  Ex=1486.599eV WF=4.000eV Ck=XL Det=MCD Ent=6x12mm Exit=4mm
5507
5718
5820
5820
6095
6326
6563
7248
7956
8858
9716
10500
10298
9208
8343
7058
6277
5752
5274
4996
4739
4607
4477
4450
4345
