Ag(111) limpa 3d e 3p
   371.00003   366.00003    -0.20000     1.00000     0.30000    26    30.0
LO MagPE 30.000KE/1  Ex=1486.599eV WF=4.000eV Ck=XL Det=MCD Ent=6x12mm Exit=4mm
6242
6769
7287
7676
8851
10186
12139
15354
20148
26846
35242
43903
49927
50659
44889
34814
24127
15934
11053
8045
6368
5390
4723
4197
3995
3851
   579.00006   567.00006    -0.50000     1.00000     0.30000    25    30.0
LO MagPE 30.000KE/1  Ex=1486.599eV WF=4.000eV Ck=XL Det=MCD Ent=6x12mm Exit=4mm
7982
8221
8326
8733
9044
9339
10001
11018
12577
14319
15860
17363
16999
15268
13189
10958
9628
8496
7866
7356
6788
6575
6517
6326
6086
