Ag(111) limpa 3d e 3p
   371.00003   366.00003    -0.20000     1.00000     0.30000    26    30.0
LO MagPE 30.000KE/1  Ex=1486.599eV WF=4.000eV Ck=XL Det=MCD Ent=6x12mm Exit=4mm
5110
5423
5721
6114
6878
7965
9490
11583
15212
20369
26640
33255
37951
38504
34811
27164
18988
12451
8539
6339
5069
4258
3706
3367
3134
2996
   579.00006   567.00006    -0.50000     1.00000     0.30000    25    30.0
LO MagPE 30.000KE/1  Ex=1486.599eV WF=4.000eV Ck=XL Det=MCD Ent=6x12mm Exit=4mm
6283
6259
6403
6626
6981
7254
7523
8121
9190
10480
11625
12094
12277
11087
9644
8132
7163
6366
5892
5475
5380
5095
5038
4803
4731
