Ag(111) limpa 3d e 3p
   371.00003   366.00003    -0.20000     1.00000     0.30000    26    30.0
LO MagPE 30.000KE/1  Ex=1486.599eV WF=4.000eV Ck=XL Det=MCD Ent=6x12mm Exit=4mm
4602
4845
5169
5455
5976
6931
8070
10206
13037
17444
22461
28046
32067
32733
29632
23740
16744
11192
7619
5582
4572
3825
3509
3154
2878
2785
   579.00006   567.00006    -0.50000     1.00000     0.30000    25    30.0
LO MagPE 30.000KE/1  Ex=1486.599eV WF=4.000eV Ck=XL Det=MCD Ent=6x12mm Exit=4mm
6345
6554
6574
6766
6918
7235
7743
8171
9016
10169
11265
11917
11860
10866
9502
8242
7268
6601
5989
5771
5467
5223
5257
5144
5058
