Ag(111) limpa 3d e 3p
   371.00003   366.00003    -0.20000     1.00000     0.30000    26    30.0
LO MagPE 30.000KE/1  Ex=1486.599eV WF=4.000eV Ck=XL Det=MCD Ent=6x12mm Exit=4mm
6504
7075
7277
7854
9125
10399
12737
16086
20849
27791
37142
45850
52084
53045
47558
37208
26065
17192
11670
8734
6689
5572
4879
4363
4124
3830
   579.00006   567.00006    -0.50000     1.00000     0.30000    25    30.0
LO MagPE 30.000KE/1  Ex=1486.599eV WF=4.000eV Ck=XL Det=MCD Ent=6x12mm Exit=4mm
7705
7906
8074
8589
8965
9428
10038
10936
12524
14394
16484
17901
17718
15786
13495
11208
9329
8496
7534
7000
6717
6299
6131
5944
5805
