Ag(111) limpa 3d e 3p
   371.00003   366.00003    -0.20000     1.00000     0.30000    26    30.0
LO MagPE 30.000KE/1  Ex=1486.599eV WF=4.000eV Ck=XL Det=MCD Ent=6x12mm Exit=4mm
2111
2303
2458
2760
3161
3752
4632
5707
7769
10092
13392
16502
18668
18363
15995
12530
8556
5671
3903
2795
2225
1804
1563
1430
1319
1305
   579.00006   567.00006    -0.50000     1.00000     0.30000    25    30.0
LO MagPE 30.000KE/1  Ex=1486.599eV WF=4.000eV Ck=XL Det=MCD Ent=6x12mm Exit=4mm
2616
2740
2892
2816
3004
3076
3514
3719
4230
4910
5638
5855
5854
5437
4546
3760
3308
2866
2590
2433
2240
2165
2109
2139
2050
