Ag(111) limpa 3d e 3p
   371.00003   366.00003    -0.20000     1.00000     0.30000    26    30.0
LO MagPE 30.000KE/1  Ex=1486.599eV WF=4.000eV Ck=XL Det=MCD Ent=6x12mm Exit=4mm
1853
1881
2081
2247
2534
3108
3564
4772
6155
8235
10855
13097
14761
14904
13014
9911
6984
4645
2989
2301
1786
1528
1383
1238
1116
1042
   579.00006   567.00006    -0.50000     1.00000     0.30000    25    30.0
LO MagPE 30.000KE/1  Ex=1486.599eV WF=4.000eV Ck=XL Det=MCD Ent=6x12mm Exit=4mm
2495
2568
2591
2647
2756
2851
3122
3426
3837
4227
4726
5293
5074
4621
4027
3396
3018
2626
2579
2355
2177
2141
2043
1984
1961
