Ag(111) limpa 3d e 3p
   371.00003   366.00003    -0.20000     1.00000     0.30000    26    30.0
LO MagPE 30.000KE/1  Ex=1486.599eV WF=4.000eV Ck=XL Det=MCD Ent=6x12mm Exit=4mm
1987
2046
2152
2312
2642
2990
3525
4388
5723
7369
9852
12040
13615
13849
12503
9591
6555
4362
3018
2261
1818
1558
1447
1284
1202
1184
   579.00006   567.00006    -0.50000     1.00000     0.30000    25    30.0
LO MagPE 30.000KE/1  Ex=1486.599eV WF=4.000eV Ck=XL Det=MCD Ent=6x12mm Exit=4mm
2884
2788
2999
2893
3003
3149
3238
3575
4106
4547
4823
5006
4780
4385
3750
3175
2821
2460
2330
2273
2091
2043
2091
1990
1942
