Ag(111) limpa 3d e 3p
   371.00003   366.00003    -0.20000     1.00000     0.30000    26    30.0
LO MagPE 30.000KE/1  Ex=1486.599eV WF=4.000eV Ck=XL Det=MCD Ent=6x12mm Exit=4mm
2241
2387
2697
2965
3344
3953
4825
6309
8129
11196
14656
17683
20111
19516
17139
12787
9045
5811
3982
2904
2231
1945
1689
1413
1407
1305
   579.00006   567.00006    -0.50000     1.00000     0.30000    25    30.0
LO MagPE 30.000KE/1  Ex=1486.599eV WF=4.000eV Ck=XL Det=MCD Ent=6x12mm Exit=4mm
2573
2765
2777
2859
2925
3040
3452
3871
4400
4986
5802
6331
6039
5463
4712
3818
3290
2870
2571
2308
2222
2212
2040
2063
1974
