Ag(111) limpa 3d e 3p
   371.00003   366.00003    -0.20000     1.00000     0.30000    26    30.0
LO MagPE 30.000KE/1  Ex=1486.599eV WF=4.000eV Ck=XL Det=MCD Ent=6x12mm Exit=4mm
4531
4756
5142
5584
6182
7096
8556
10431
13406
18030
23341
29299
33657
35145
31765
25171
17609
11639
7959
6035
4715
3997
3483
3172
2897
2832
   579.00006   567.00006    -0.50000     1.00000     0.30000    25    30.0
LO MagPE 30.000KE/1  Ex=1486.599eV WF=4.000eV Ck=XL Det=MCD Ent=6x12mm Exit=4mm
6129
6162
6564
6554
6759
7106
7415
8047
8772
10098
11211
12079
11926
10764
9447
8179
7082
6493
6003
5520
5340
5093
4931
4901
4776
