Ag(111) limpa 3d e 3p
   371.00003   366.00003    -0.20000     1.00000     0.30000    26    30.0
LO MagPE 30.000KE/1  Ex=1486.599eV WF=4.000eV Ck=XL Det=MCD Ent=6x12mm Exit=4mm
1819
1886
2141
2334
2681
3033
3835
4921
6611
8351
11196
13596
15125
14939
12806
9849
6833
4511
3104
2345
1785
1557
1333
1182
1035
1066
   579.00006   567.00006    -0.50000     1.00000     0.30000    25    30.0
LO MagPE 30.000KE/1  Ex=1486.599eV WF=4.000eV Ck=XL Det=MCD Ent=6x12mm Exit=4mm
2433
2483
2547
2593
2814
2821
3151
3387
3962
4374
5030
5318
5248
4769
4032
3419
2946
2635
2364
2242
2108
2075
1945
1897
1843
