Ag(111) limpa 3d e 3p
   371.00003   366.00003    -0.20000     1.00000     0.30000    26    30.0
LO MagPE 30.000KE/1  Ex=1486.599eV WF=4.000eV Ck=XL Det=MCD Ent=6x12mm Exit=4mm
2180
2263
2399
2733
3133
3644
4471
5740
7703
9929
13277
16218
18168
17849
15708
11861
8186
5528
3669
2724
2152
1787
1477
1401
1336
1236
   579.00006   567.00006    -0.50000     1.00000     0.30000    25    30.0
LO MagPE 30.000KE/1  Ex=1486.599eV WF=4.000eV Ck=XL Det=MCD Ent=6x12mm Exit=4mm
2610
2850
2854
3072
3083
3277
3494
3951
4405
5116
5731
6123
6134
5408
4647
3919
3344
2947
2768
2592
2443
2296
2246
2172
2101
