Ag(111) limpa 3d e 3p
   371.00003   366.00003    -0.20000     1.00000     0.30000    26    30.0
LO MagPE 30.000KE/1  Ex=1486.599eV WF=4.000eV Ck=XL Det=MCD Ent=6x12mm Exit=4mm
5202
5614
6034
6562
7182
8501
9954
12595
16139
21771
28487
35129
39756
40131
35740
27883
19530
12840
8857
6756
5334
4595
3917
3563
3302
3138
   579.00006   567.00006    -0.50000     1.00000     0.30000    25    30.0
LO MagPE 30.000KE/1  Ex=1486.599eV WF=4.000eV Ck=XL Det=MCD Ent=6x12mm Exit=4mm
6987
7284
7555
7794
7977
8388
8761
9569
10699
12010
13670
14519
14272
12987
11539
9696
8607
7818
7147
6684
6538
6275
5928
5925
5924
