Ag(111) limpa 3d e 3p
   371.00003   366.00003    -0.20000     1.00000     0.30000    26    30.0
LO MagPE 30.000KE/1  Ex=1486.599eV WF=4.000eV Ck=XL Det=MCD Ent=6x12mm Exit=4mm
2282
2427
2742
2916
3204
3873
4829
6208
8014
11019
14148
17495
19190
19330
17020
12887
8861
5865
4068
3054
2260
1875
1659
1530
1343
1312
   579.00006   567.00006    -0.50000     1.00000     0.30000    25    30.0
LO MagPE 30.000KE/1  Ex=1486.599eV WF=4.000eV Ck=XL Det=MCD Ent=6x12mm Exit=4mm
2747
2826
2857
3062
3062
3284
3568
4048
4485
5272
5748
6443
6112
5491
4811
3950
3390
2983
2757
2484
2369
2293
2183
2176
2015
