Ag(111) limpa 3d e 3p
   371.00003   366.00003    -0.20000     1.00000     0.30000    26    30.0
LO MagPE 30.000KE/1  Ex=1486.599eV WF=4.000eV Ck=XL Det=MCD Ent=6x12mm Exit=4mm
3890
4141
4207
4567
5021
5714
6866
8521
11089
14687
19451
24187
27615
27950
25264
19843
13820
9059
6331
4625
3755
3267
2818
2546
2392
2196
   579.00006   567.00006    -0.50000     1.00000     0.30000    25    30.0
LO MagPE 30.000KE/1  Ex=1486.599eV WF=4.000eV Ck=XL Det=MCD Ent=6x12mm Exit=4mm
4828
4943
5119
5400
5479
5668
6197
6388
7319
8195
9032
9470
9373
8551
7519
6284
5454
4744
4288
4252
4026
3848
3792
3564
3565
