Ag(111) limpa 3d e 3p
   371.00003   366.00003    -0.20000     1.00000     0.30000    26    30.0
LO MagPE 30.000KE/1  Ex=1486.599eV WF=4.000eV Ck=XL Det=MCD Ent=6x12mm Exit=4mm
5689
5867
6401
7081
7813
8951
10577
13401
17380
23120
30906
38441
43583
45257
40847
31906
22556
14751
10035
7372
5864
4823
4385
3836
3635
3362
   579.00006   567.00006    -0.50000     1.00000     0.30000    25    30.0
LO MagPE 30.000KE/1  Ex=1486.599eV WF=4.000eV Ck=XL Det=MCD Ent=6x12mm Exit=4mm
6811
6862
7142
7588
7737
8166
8657
9464
11133
12224
14014
15266
14937
13562
11289
9643
8366
7302
6549
6039
5697
5538
5317
5226
5144
