Ag(111) limpa 3d e 3p
   371.00003   366.00003    -0.20000     1.00000     0.30000    26    30.0
LO MagPE 30.000KE/1  Ex=1486.599eV WF=4.000eV Ck=XL Det=MCD Ent=6x12mm Exit=4mm
3877
3781
4124
4490
4879
5465
6528
8107
10372
14046
18437
22827
26572
27257
24820
19708
13493
9003
6210
4667
3798
3094
2761
2639
2378
2258
   579.00006   567.00006    -0.50000     1.00000     0.30000    25    30.0
LO MagPE 30.000KE/1  Ex=1486.599eV WF=4.000eV Ck=XL Det=MCD Ent=6x12mm Exit=4mm
5180
5323
5419
5618
5807
6045
6381
6833
7493
8327
9352
9735
9554
8812
7398
6395
5438
5012
4513
4204
4017
3885
3769
3803
3586
