Ag(111) limpa 3d e 3p
   371.00003   366.00003    -0.20000     1.00000     0.30000    26    30.0
LO MagPE 30.000KE/1  Ex=1486.599eV WF=4.000eV Ck=XL Det=MCD Ent=6x12mm Exit=4mm
4640
4865
5106
5657
6133
7134
8340
10324
13527
17739
23419
28823
32833
33895
30162
24049
17100
11131
7740
6010
4638
4174
3540
3178
3058
2850
   579.00006   567.00006    -0.50000     1.00000     0.30000    25    30.0
LO MagPE 30.000KE/1  Ex=1486.599eV WF=4.000eV Ck=XL Det=MCD Ent=6x12mm Exit=4mm
6863
6959
7110
7331
7564
7852
8215
8781
9712
10881
12070
12808
12643
11590
10250
8814
7868
7219
6634
6256
5910
5848
5638
5491
5510
