Ag(111) limpa 3d e 3p
   371.00003   366.00003    -0.20000     1.00000     0.30000    26    30.0
LO MagPE 30.000KE/1  Ex=1486.599eV WF=4.000eV Ck=XL Det=MCD Ent=6x12mm Exit=4mm
5426
5795
6002
6437
7231
8321
9915
12327
15779
21354
28045
35076
40343
41384
37657
29571
20513
13826
9549
6767
5494
4665
3856
3641
3467
3199
   579.00006   567.00006    -0.50000     1.00000     0.30000    25    30.0
LO MagPE 30.000KE/1  Ex=1486.599eV WF=4.000eV Ck=XL Det=MCD Ent=6x12mm Exit=4mm
7163
7192
7248
7544
7891
8077
8580
9501
10502
11898
13419
14419
14438
12880
11434
9527
8331
7308
6816
6228
6020
5785
5564
5534
5450
