Ag(111) limpa 3d e 3p
   371.00003   366.00003    -0.20000     1.00000     0.30000    26    30.0
LO MagPE 30.000KE/1  Ex=1486.599eV WF=4.000eV Ck=XL Det=MCD Ent=6x12mm Exit=4mm
3571
3577
3883
4285
4621
5360
6146
7724
9926
13108
17296
21718
25237
25863
23543
18447
12858
8783
5832
4375
3516
2978
2530
2430
2328
2195
   579.00006   567.00006    -0.50000     1.00000     0.30000    25    30.0
LO MagPE 30.000KE/1  Ex=1486.599eV WF=4.000eV Ck=XL Det=MCD Ent=6x12mm Exit=4mm
4724
4869
4962
5018
5196
5497
5739
6212
6837
7521
8369
8670
8840
7938
7064
5911
5322
4713
4306
4087
3983
3762
3677
3508
3546
