Ag(111) limpa 3d e 3p
   371.00003   366.00003    -0.20000     1.00000     0.30000    26    30.0
LO MagPE 30.000KE/1  Ex=1486.599eV WF=4.000eV Ck=XL Det=MCD Ent=6x12mm Exit=4mm
1948
2056
2267
2488
2719
3285
3986
4900
6605
9116
11602
14422
16126
16115
14514
10980
7641
4943
3339
2616
1954
1611
1379
1309
1170
1074
   579.00006   567.00006    -0.50000     1.00000     0.30000    25    30.0
LO MagPE 30.000KE/1  Ex=1486.599eV WF=4.000eV Ck=XL Det=MCD Ent=6x12mm Exit=4mm
2511
2625
2717
2753
2955
2943
3210
3713
4093
4877
5558
5706
5679
5172
4313
3657
3279
2819
2522
2364
2203
2198
2038
2065
1991
