Ag(111) limpa 3d e 3p
   371.00003   366.00003    -0.20000     1.00000     0.30000    26    30.0
LO MagPE 30.000KE/1  Ex=1486.599eV WF=4.000eV Ck=XL Det=MCD Ent=6x12mm Exit=4mm
2076
2343
2433
2746
3143
3699
4542
5601
7718
9971
13171
16464
18672
18926
16474
12846
8722
5729
3976
2837
2211
1940
1608
1420
1329
1288
   579.00006   567.00006    -0.50000     1.00000     0.30000    25    30.0
LO MagPE 30.000KE/1  Ex=1486.599eV WF=4.000eV Ck=XL Det=MCD Ent=6x12mm Exit=4mm
2614
2719
2698
2901
3037
3173
3490
3949
4479
5135
5844
6463
6323
5537
4961
4087
3382
3047
2615
2371
2309
2210
2056
2067
2047
