Ag(111) limpa 3d e 3p
   371.00003   366.00003    -0.20000     1.00000     0.30000    26    30.0
LO MagPE 30.000KE/1  Ex=1486.599eV WF=4.000eV Ck=XL Det=MCD Ent=6x12mm Exit=4mm
4777
5075
5422
6087
6715
7761
9479
11790
15038
19980
26085
31520
35401
35762
31815
25176
17431
11744
8175
6292
4884
4055
3685
3306
3157
3038
   579.00006   567.00006    -0.50000     1.00000     0.30000    25    30.0
LO MagPE 30.000KE/1  Ex=1486.599eV WF=4.000eV Ck=XL Det=MCD Ent=6x12mm Exit=4mm
7031
7175
7300
7482
7630
8182
8345
9248
10224
11424
12793
13469
13267
12087
10669
9165
8149
7384
6702
6582
6115
6060
5793
5849
5672
