Ag(111) limpa 3d e 3p
   371.00003   366.00003    -0.20000     1.00000     0.30000    26    30.0
LO MagPE 30.000KE/1  Ex=1486.599eV WF=4.000eV Ck=XL Det=MCD Ent=6x12mm Exit=4mm
6426
6827
7308
8086
8909
10591
12491
15825
20973
28224
37203
45292
51736
51912
46068
35902
24812
16266
11223
8236
6445
5414
4797
4360
4059
3819
   579.00006   567.00006    -0.50000     1.00000     0.30000    25    30.0
LO MagPE 30.000KE/1  Ex=1486.599eV WF=4.000eV Ck=XL Det=MCD Ent=6x12mm Exit=4mm
7956
8240
8445
8684
8997
9469
10167
11028
12593
14312
16590
17786
17438
15617
13461
11268
9667
8719
7805
7183
6981
6678
6314
6286
6122
