Ag(111) limpa 3d e 3p
   371.00003   366.00003    -0.20000     1.00000     0.30000    26    30.0
LO MagPE 30.000KE/1  Ex=1486.599eV WF=4.000eV Ck=XL Det=MCD Ent=6x12mm Exit=4mm
4128
4456
4636
4959
5642
6461
7890
9572
12516
17038
22193
26558
30135
30023
26887
20564
14293
9393
6671
5096
4044
3592
3134
2880
2695
2535
   579.00006   567.00006    -0.50000     1.00000     0.30000    25    30.0
LO MagPE 30.000KE/1  Ex=1486.599eV WF=4.000eV Ck=XL Det=MCD Ent=6x12mm Exit=4mm
5711
5950
6086
6089
6423
6760
7012
7520
8434
9527
10604
11171
11034
10041
8594
7389
6538
5990
5308
4993
4890
4679
4544
4553
4497
