Ag(111) limpa 3d e 3p
   371.00003   366.00003    -0.20000     1.00000     0.30000    26    30.0
LO MagPE 30.000KE/1  Ex=1486.599eV WF=4.000eV Ck=XL Det=MCD Ent=6x12mm Exit=4mm
1760
1845
2003
2133
2365
2915
3508
4283
5929
7833
10168
12564
13974
14282
12382
9653
6693
4345
3044
2197
1727
1488
1275
1055
1087
1002
   579.00006   567.00006    -0.50000     1.00000     0.30000    25    30.0
LO MagPE 30.000KE/1  Ex=1486.599eV WF=4.000eV Ck=XL Det=MCD Ent=6x12mm Exit=4mm
2271
2362
2508
2467
2587
2754
2869
3158
3575
4135
4658
4833
4959
4393
3859
3258
2841
2536
2314
2210
2098
1941
1876
1955
1818
