Ag(111) limpa 3d e 3p
   371.00003   366.00003    -0.20000     1.00000     0.30000    26    30.0
LO MagPE 30.000KE/1  Ex=1486.599eV WF=4.000eV Ck=XL Det=MCD Ent=6x12mm Exit=4mm
2014
2013
2118
2444
2578
2917
3452
4556
5837
7673
9973
12225
13710
13701
12100
9254
6411
4333
2912
2228
1839
1572
1475
1282
1247
1204
   579.00006   567.00006    -0.50000     1.00000     0.30000    25    30.0
LO MagPE 30.000KE/1  Ex=1486.599eV WF=4.000eV Ck=XL Det=MCD Ent=6x12mm Exit=4mm
2739
2813
2821
3017
3007
3111
3330
3562
4019
4309
4679
4742
4668
4207
3696
3155
2899
2455
2375
2172
2184
2100
2055
2007
1843
