Ag(111) limpa 3d e 3p
   371.00003   366.00003    -0.20000     1.00000     0.30000    26    30.0
LO MagPE 30.000KE/1  Ex=1486.599eV WF=4.000eV Ck=XL Det=MCD Ent=6x12mm Exit=4mm
4726
4977
5365
5774
6569
7484
9032
11225
14713
19589
25054
30527
34736
35013
30605
24315
17164
11486
7993
5887
4710
4113
3507
3173
3087
2902
   579.00006   567.00006    -0.50000     1.00000     0.30000    25    30.0
LO MagPE 30.000KE/1  Ex=1486.599eV WF=4.000eV Ck=XL Det=MCD Ent=6x12mm Exit=4mm
6976
7241
7392
7438
7824
8087
8551
9133
10165
11425
12627
13476
13024
12225
10419
9305
8237
7424
7043
6648
6389
6206
5974
5825
5831
