Ag(111) limpa 3d e 3p
   371.00003   366.00003    -0.20000     1.00000     0.30000    26    30.0
LO MagPE 30.000KE/1  Ex=1486.599eV WF=4.000eV Ck=XL Det=MCD Ent=6x12mm Exit=4mm
1687
1789
1890
2007
2285
2529
3041
3727
4841
6421
8378
10295
11763
11797
10385
7822
5298
3680
2576
1854
1558
1367
1185
1031
1042
1015
   579.00006   567.00006    -0.50000     1.00000     0.30000    25    30.0
LO MagPE 30.000KE/1  Ex=1486.599eV WF=4.000eV Ck=XL Det=MCD Ent=6x12mm Exit=4mm
2341
2455
2459
2594
2692
2633
2651
3069
3233
3562
3777
3852
3771
3374
3057
2574
2240
2108
1905
1754
1837
1686
1715
1640
1648
