Ag(111) limpa 3d e 3p
   371.00003   366.00003    -0.20000     1.00000     0.30000    26    30.0
LO MagPE 30.000KE/1  Ex=1486.599eV WF=4.000eV Ck=XL Det=MCD Ent=6x12mm Exit=4mm
4538
4855
5013
5464
6135
6971
8346
10624
13579
17886
23403
29102
33135
33624
30102
23305
16202
11120
7457
5567
4540
3815
3306
3027
2800
2782
   579.00006   567.00006    -0.50000     1.00000     0.30000    25    30.0
LO MagPE 30.000KE/1  Ex=1486.599eV WF=4.000eV Ck=XL Det=MCD Ent=6x12mm Exit=4mm
5936
6079
6539
6572
6613
6919
7593
8100
9040
10183
11114
11889
11732
10745
9212
7781
6812
5998
5507
5166
5035
4905
4724
4557
4486
