Ag(111) limpa 3d e 3p
   371.00003   366.00003    -0.20000     1.00000     0.30000    26    30.0
LO MagPE 30.000KE/1  Ex=1486.599eV WF=4.000eV Ck=XL Det=MCD Ent=6x12mm Exit=4mm
1797
1977
2023
2211
2413
2677
3135
4011
5021
6716
8614
10514
12077
12177
10763
8377
5774
3960
2719
2126
1761
1436
1410
1288
1183
1140
   579.00006   567.00006    -0.50000     1.00000     0.30000    25    30.0
LO MagPE 30.000KE/1  Ex=1486.599eV WF=4.000eV Ck=XL Det=MCD Ent=6x12mm Exit=4mm
2863
3126
3116
3369
3302
3312
3544
3843
4238
4514
4630
4772
4449
4043
3537
3249
2742
2580
2322
2252
2159
2159
2113
2016
2038
