Ag(111) limpa 3d e 3p
   371.00003   366.00003    -0.20000     1.00000     0.30000    26    30.0
LO MagPE 30.000KE/1  Ex=1486.599eV WF=4.000eV Ck=XL Det=MCD Ent=6x12mm Exit=4mm
6760
6932
7537
8291
9370
10792
13378
16804
22026
29636
38648
47469
54064
54158
48288
37540
25705
17157
11775
8560
6906
5840
4973
4450
4034
3966
   579.00006   567.00006    -0.50000     1.00000     0.30000    25    30.0
LO MagPE 30.000KE/1  Ex=1486.599eV WF=4.000eV Ck=XL Det=MCD Ent=6x12mm Exit=4mm
8196
8326
8630
8865
9483
9901
10746
11697
13437
15241
17466
19058
18785
16870
14233
12094
10222
8982
8159
7446
7036
6703
6580
6412
6220
