Ag(111) limpa 3d e 3p
   371.00003   366.00003    -0.20000     1.00000     0.30000    26    30.0
LO MagPE 30.000KE/1  Ex=1486.599eV WF=4.000eV Ck=XL Det=MCD Ent=6x12mm Exit=4mm
2055
2227
2386
2557
3043
3512
4369
5492
7338
9874
12941
15444
17217
17378
14965
11375
7824
5067
3478
2559
2103
1642
1476
1414
1255
1148
   579.00006   567.00006    -0.50000     1.00000     0.30000    25    30.0
LO MagPE 30.000KE/1  Ex=1486.599eV WF=4.000eV Ck=XL Det=MCD Ent=6x12mm Exit=4mm
2530
2586
2712
2691
2956
2971
3314
3607
4067
4665
5303
5834
5706
5172
4418
3578
3113
2876
2414
2299
2202
2141
2049
1943
1912
