Ag(111) limpa 3d e 3p
   371.00003   366.00003    -0.20000     1.00000     0.30000    26    30.0
LO MagPE 30.000KE/1  Ex=1486.599eV WF=4.000eV Ck=XL Det=MCD Ent=6x12mm Exit=4mm
1677
1727
1943
2118
2361
2648
3416
4264
5665
7455
9767
11630
13076
13080
11475
8893
6083
4052
2796
2056
1608
1318
1195
1082
1005
975
   579.00006   567.00006    -0.50000     1.00000     0.30000    25    30.0
LO MagPE 30.000KE/1  Ex=1486.599eV WF=4.000eV Ck=XL Det=MCD Ent=6x12mm Exit=4mm
2423
2461
2456
2610
2717
2884
2992
3217
3618
4085
4553
4805
4842
4264
3784
3221
2863
2568
2398
2324
2194
2136
2001
1952
2042
