Ag(111) limpa 3d e 3p
   371.00003   366.00003    -0.20000     1.00000     0.30000    26    30.0
LO MagPE 30.000KE/1  Ex=1486.599eV WF=4.000eV Ck=XL Det=MCD Ent=6x12mm Exit=4mm
4797
5148
5485
5847
6623
7498
8763
11207
14434
19187
25141
31260
35565
35960
32119
25327
17513
11459
7884
5899
4782
4008
3558
3281
3002
2863
   579.00006   567.00006    -0.50000     1.00000     0.30000    25    30.0
LO MagPE 30.000KE/1  Ex=1486.599eV WF=4.000eV Ck=XL Det=MCD Ent=6x12mm Exit=4mm
6135
6237
6499
6659
6822
7195
7490
8014
8968
10172
11198
12024
11952
10757
9356
8164
6912
6313
5871
5463
5201
5185
4995
4905
4685
