Ag(111) limpa 3d e 3p
   371.00003   366.00003    -0.20000     1.00000     0.30000    26    30.0
LO MagPE 30.000KE/1  Ex=1486.599eV WF=4.000eV Ck=XL Det=MCD Ent=6x12mm Exit=4mm
5408
5635
5922
6509
7349
8524
10209
12518
16540
22246
28544
35130
39886
40028
35083
27594
19177
12989
8934
6625
5374
4433
3932
3569
3379
3156
   579.00006   567.00006    -0.50000     1.00000     0.30000    25    30.0
LO MagPE 30.000KE/1  Ex=1486.599eV WF=4.000eV Ck=XL Det=MCD Ent=6x12mm Exit=4mm
7430
7566
7715
7805
8188
8477
9015
9715
10591
12221
13642
14476
14359
13054
11336
9954
8786
7837
7193
6816
6516
6269
6208
6087
5812
