Ag(111) limpa 3d e 3p
   371.00003   366.00003    -0.20000     1.00000     0.30000    26    30.0
LO MagPE 30.000KE/1  Ex=1486.599eV WF=4.000eV Ck=XL Det=MCD Ent=6x12mm Exit=4mm
4741
5001
5260
5817
6332
7290
8780
10860
14069
18546
24438
29947
33790
34802
31021
24274
17090
11596
7959
5945
4698
3942
3587
3196
3007
2976
   579.00006   567.00006    -0.50000     1.00000     0.30000    25    30.0
LO MagPE 30.000KE/1  Ex=1486.599eV WF=4.000eV Ck=XL Det=MCD Ent=6x12mm Exit=4mm
6655
6748
6942
7044
7302
7481
8043
8408
9235
10274
11678
12287
12011
11209
9900
8642
7671
6801
6511
6102
5770
5650
5481
5372
5283
