Ag(111) limpa 3d e 3p
   371.00003   366.00003    -0.20000     1.00000     0.30000    26    30.0
LO MagPE 30.000KE/1  Ex=1486.599eV WF=4.000eV Ck=XL Det=MCD Ent=6x12mm Exit=4mm
5363
5543
5920
6609
7329
8561
10146
12994
16982
22404
28934
35445
39522
39494
34762
27111
19177
12645
8777
6668
5257
4445
3867
3511
3343
3213
   579.00006   567.00006    -0.50000     1.00000     0.30000    25    30.0
LO MagPE 30.000KE/1  Ex=1486.599eV WF=4.000eV Ck=XL Det=MCD Ent=6x12mm Exit=4mm
7650
7877
8212
8278
8686
9013
9570
10530
11849
13498
15288
15946
15727
14445
12363
10637
9330
8178
7520
6876
6770
6503
6376
6175
6156
