Ag(111) limpa 3d e 3p
   371.00003   366.00003    -0.20000     1.00000     0.30000    26    30.0
LO MagPE 30.000KE/1  Ex=1486.599eV WF=4.000eV Ck=XL Det=MCD Ent=6x12mm Exit=4mm
7429
7808
8490
9217
10617
12063
14740
18895
24610
33129
43511
54332
61172
61402
54370
41969
28789
19172
12955
9476
7521
6207
5666
4866
4602
4383
   579.00006   567.00006    -0.50000     1.00000     0.30000    25    30.0
LO MagPE 30.000KE/1  Ex=1486.599eV WF=4.000eV Ck=XL Det=MCD Ent=6x12mm Exit=4mm
8265
8544
9004
8952
9326
9905
10815
11617
13143
15409
17527
18929
18576
16591
14068
11800
10108
8890
8132
7537
7084
6739
6603
6357
6306
