Ag(111) limpa 3d e 3p
   371.00003   366.00003    -0.20000     1.00000     0.30000    26    30.0
LO MagPE 30.000KE/1  Ex=1486.599eV WF=4.000eV Ck=XL Det=MCD Ent=6x12mm Exit=4mm
5827
6168
6541
7082
8021
9246
11233
13860
18128
24324
31722
39358
44730
45716
40774
31876
22186
14746
10043
7578
5933
5005
4359
3955
3539
3494
   579.00006   567.00006    -0.50000     1.00000     0.30000    25    30.0
LO MagPE 30.000KE/1  Ex=1486.599eV WF=4.000eV Ck=XL Det=MCD Ent=6x12mm Exit=4mm
7436
7629
7771
8073
8500
9069
9321
10302
11503
13092
14786
15909
15753
14048
12343
10224
9128
7866
7204
6877
6528
6362
6072
5990
5811
