Ag(111) limpa 3d e 3p
   371.00003   366.00003    -0.20000     1.00000     0.30000    26    30.0
LO MagPE 30.000KE/1  Ex=1486.599eV WF=4.000eV Ck=XL Det=MCD Ent=6x12mm Exit=4mm
5193
5695
5933
6440
7176
8342
10159
12462
16319
21525
28321
34727
39163
39413
35489
27859
19234
12875
8970
6532
5206
4418
3939
3602
3462
3277
   579.00006   567.00006    -0.50000     1.00000     0.30000    25    30.0
LO MagPE 30.000KE/1  Ex=1486.599eV WF=4.000eV Ck=XL Det=MCD Ent=6x12mm Exit=4mm
6919
7265
7389
7619
7872
8130
8636
9442
10509
11746
12943
14005
13708
12553
11130
9438
8348
7487
7004
6650
6403
6126
5990
5849
5773
