Ag(111) limpa 3d e 3p
   371.00003   366.00003    -0.20000     1.00000     0.30000    26    30.0
LO MagPE 30.000KE/1  Ex=1486.599eV WF=4.000eV Ck=XL Det=MCD Ent=6x12mm Exit=4mm
1638
1775
1885
2093
2353
2863
3321
4258
5624
7563
10050
12189
13683
13504
12026
9108
6309
4117
2875
2183
1703
1400
1225
1118
1059
1018
   579.00006   567.00006    -0.50000     1.00000     0.30000    25    30.0
LO MagPE 30.000KE/1  Ex=1486.599eV WF=4.000eV Ck=XL Det=MCD Ent=6x12mm Exit=4mm
2408
2525
2601
2643
2792
2836
3009
3328
3787
4230
4581
5099
5080
4539
3925
3301
2912
2600
2478
2247
2198
2080
2093
2022
1997
