Ag(111) limpa 3d e 3p
   371.00003   366.00003    -0.20000     1.00000     0.30000    26    30.0
LO MagPE 30.000KE/1  Ex=1486.599eV WF=4.000eV Ck=XL Det=MCD Ent=6x12mm Exit=4mm
6126
6424
7003
7510
8532
9841
11883
15384
19998
26611
34814
42230
47314
47828
41108
32223
22174
14903
10172
7635
6072
5183
4373
3975
3713
3627
   579.00006   567.00006    -0.50000     1.00000     0.30000    25    30.0
LO MagPE 30.000KE/1  Ex=1486.599eV WF=4.000eV Ck=XL Det=MCD Ent=6x12mm Exit=4mm
7601
7787
7973
8096
8678
8954
9549
10408
11589
13176
14855
15840
15669
14111
12082
10278
9031
8095
7202
6862
6470
6362
6312
5961
5955
