Ag(111) limpa 3d e 3p
   371.00003   366.00003    -0.20000     1.00000     0.30000    26    30.0
LO MagPE 30.000KE/1  Ex=1486.599eV WF=4.000eV Ck=XL Det=MCD Ent=6x12mm Exit=4mm
2092
2242
2403
2713
3076
3494
4502
5711
7476
10052
13036
15801
17774
17634
15237
11790
8365
5505
3804
2755
2107
1789
1534
1296
1294
1250
   579.00006   567.00006    -0.50000     1.00000     0.30000    25    30.0
LO MagPE 30.000KE/1  Ex=1486.599eV WF=4.000eV Ck=XL Det=MCD Ent=6x12mm Exit=4mm
2671
2713
2866
2915
3006
3246
3554
3761
4135
4803
5426
5982
5852
5203
4503
3804
3268
2852
2647
2479
2411
2199
2095
2055
1991
