Ag(111) limpa 3d e 3p
   371.00003   366.00003    -0.20000     1.00000     0.30000    26    30.0
LO MagPE 30.000KE/1  Ex=1486.599eV WF=4.000eV Ck=XL Det=MCD Ent=6x12mm Exit=4mm
5180
5542
5911
6323
7029
8075
9608
12081
15658
21161
27576
34128
38888
39369
35589
28359
19644
12894
9132
6646
5294
4423
3958
3592
3331
3105
   579.00006   567.00006    -0.50000     1.00000     0.30000    25    30.0
LO MagPE 30.000KE/1  Ex=1486.599eV WF=4.000eV Ck=XL Det=MCD Ent=6x12mm Exit=4mm
6599
6778
6972
7144
7356
7678
7949
8984
9783
11006
12346
13223
12828
11890
10402
8866
7752
6903
6447
6124
5596
5464
5405
5205
5332
