Ag(111) limpa 3d e 3p
   371.00003   366.00003    -0.20000     1.00000     0.30000    26    30.0
LO MagPE 30.000KE/1  Ex=1486.599eV WF=4.000eV Ck=XL Det=MCD Ent=6x12mm Exit=4mm
2572
2685
2819
3099
3705
4314
5364
6959
9339
12564
16247
20037
21963
21949
19108
14289
9968
6461
4400
3297
2507
2065
1812
1640
1493
1456
   579.00006   567.00006    -0.50000     1.00000     0.30000    25    30.0
LO MagPE 30.000KE/1  Ex=1486.599eV WF=4.000eV Ck=XL Det=MCD Ent=6x12mm Exit=4mm
2948
3019
3029
3198
3378
3557
3904
4345
5051
6115
6682
7445
7166
6300
5344
4445
3763
3186
2901
2599
2440
2372
2222
2248
2044
