Ag(111) limpa 3d e 3p
   371.00003   366.00003    -0.20000     1.00000     0.30000    26    30.0
LO MagPE 30.000KE/1  Ex=1486.599eV WF=4.000eV Ck=XL Det=MCD Ent=6x12mm Exit=4mm
7547
8227
8745
9799
11012
12977
15926
19946
26380
35855
46587
57425
64379
64549
57223
44356
30674
19914
13600
9989
7742
6483
5616
5144
4607
4494
   579.00006   567.00006    -0.50000     1.00000     0.30000    25    30.0
LO MagPE 30.000KE/1  Ex=1486.599eV WF=4.000eV Ck=XL Det=MCD Ent=6x12mm Exit=4mm
8893
9321
9691
10047
10650
11383
12442
13947
16151
18907
21679
23757
23398
20694
17247
14073
11890
10156
9276
8272
7723
7325
6910
6691
6497
