Ag(111) limpa 3d e 3p
   371.00003   366.00003    -0.20000     1.00000     0.30000    26    30.0
LO MagPE 30.000KE/1  Ex=1486.599eV WF=4.000eV Ck=XL Det=MCD Ent=6x12mm Exit=4mm
1985
2161
2251
2630
2839
3378
4153
5394
6974
9098
12122
14798
16556
16237
14223
10867
7552
5058
3532
2506
2046
1719
1489
1325
1211
1147
   579.00006   567.00006    -0.50000     1.00000     0.30000    25    30.0
LO MagPE 30.000KE/1  Ex=1486.599eV WF=4.000eV Ck=XL Det=MCD Ent=6x12mm Exit=4mm
2661
2684
2818
2857
2848
3203
3514
3622
4086
4797
5369
5845
5623
5131
4349
3722
3200
2905
2561
2384
2393
2226
2249
2186
2011
