Ag(111) limpa 3d e 3p
   371.00003   366.00003    -0.20000     1.00000     0.30000    26    30.0
LO MagPE 30.000KE/1  Ex=1486.599eV WF=4.000eV Ck=XL Det=MCD Ent=6x12mm Exit=4mm
2490
2542
2754
2878
3315
3784
4538
5697
7329
9603
12530
15565
17623
17828
15795
12031
8485
5722
3831
2995
2320
2049
1790
1637
1555
1540
   579.00006   567.00006    -0.50000     1.00000     0.30000    25    30.0
LO MagPE 30.000KE/1  Ex=1486.599eV WF=4.000eV Ck=XL Det=MCD Ent=6x12mm Exit=4mm
3182
3244
3364
3405
3504
3722
3880
4186
4730
5355
5632
6017
5841
5137
4505
3911
3374
3023
2903
2617
2517
2437
2366
2324
2248
