Ag(111) limpa 3d e 3p
   371.00003   366.00003    -0.20000     1.00000     0.30000    26    30.0
LO MagPE 30.000KE/1  Ex=1486.599eV WF=4.000eV Ck=XL Det=MCD Ent=6x12mm Exit=4mm
4937
5165
5524
5743
6641
7462
9109
11485
14831
19458
25478
31862
36410
36838
32780
25787
17875
11941
8289
6168
4894
4036
3635
3286
3114
3046
   579.00006   567.00006    -0.50000     1.00000     0.30000    25    30.0
LO MagPE 30.000KE/1  Ex=1486.599eV WF=4.000eV Ck=XL Det=MCD Ent=6x12mm Exit=4mm
6216
6319
6490
6715
6818
7204
7596
8203
9320
10393
11456
12372
12100
11193
9626
8077
7193
6495
5885
5497
5323
5122
4872
4863
4677
