Ag(111) limpa 3d e 3p
   371.00003   366.00003    -0.20000     1.00000     0.30000    26    30.0
LO MagPE 30.000KE/1  Ex=1486.599eV WF=4.000eV Ck=XL Det=MCD Ent=6x12mm Exit=4mm
4764
5029
5338
5852
6351
7324
8653
10844
13953
18358
23956
30102
34768
35293
32072
25669
18077
11924
8324
6106
4831
4118
3636
3236
3073
2970
   579.00006   567.00006    -0.50000     1.00000     0.30000    25    30.0
LO MagPE 30.000KE/1  Ex=1486.599eV WF=4.000eV Ck=XL Det=MCD Ent=6x12mm Exit=4mm
6674
6877
6988
7064
7306
7683
8232
8611
9563
10945
12061
12988
12575
11615
10239
8743
7811
6974
6396
6147
5602
5635
5360
5322
5257
