Ag(111) limpa 3d e 3p
   371.00003   366.00003    -0.20000     1.00000     0.30000    26    30.0
LO MagPE 30.000KE/1  Ex=1486.599eV WF=4.000eV Ck=XL Det=MCD Ent=6x12mm Exit=4mm
1733
1850
2046
2153
2499
2862
3568
4413
5748
7770
10072
12416
13746
13983
12417
9557
6691
4457
2899
2222
1786
1529
1264
1215
1180
1068
   579.00006   567.00006    -0.50000     1.00000     0.30000    25    30.0
LO MagPE 30.000KE/1  Ex=1486.599eV WF=4.000eV Ck=XL Det=MCD Ent=6x12mm Exit=4mm
2465
2390
2552
2572
2793
2832
3039
3250
3638
3925
4512
4908
4701
4365
3784
3331
2945
2599
2489
2311
2164
2054
2067
2056
1964
