Ag(111) limpa 3d e 3p
   371.00003   366.00003    -0.20000     1.00000     0.30000    26    30.0
LO MagPE 30.000KE/1  Ex=1486.599eV WF=4.000eV Ck=XL Det=MCD Ent=6x12mm Exit=4mm
6327
6780
7302
8007
9030
10516
12399
16186
21018
27993
36643
45196
50967
50922
45255
34975
24578
16119
11114
8196
6463
5429
4744
4364
3916
3891
   579.00006   567.00006    -0.50000     1.00000     0.30000    25    30.0
LO MagPE 30.000KE/1  Ex=1486.599eV WF=4.000eV Ck=XL Det=MCD Ent=6x12mm Exit=4mm
7838
8078
8210
8408
9102
9400
10082
11023
12128
14047
15827
16701
16685
15197
12966
11051
9385
8553
7870
7356
7045
6685
6432
6408
6196
