Ag(111) limpa 3d e 3p
   371.00003   366.00003    -0.20000     1.00000     0.30000    26    30.0
LO MagPE 30.000KE/1  Ex=1486.599eV WF=4.000eV Ck=XL Det=MCD Ent=6x12mm Exit=4mm
6783
7182
7747
8300
9407
11015
13042
16454
21746
29010
38125
46937
53983
54760
48864
38053
26490
17846
12066
8914
6900
5917
5079
4503
4214
3991
   579.00006   567.00006    -0.50000     1.00000     0.30000    25    30.0
LO MagPE 30.000KE/1  Ex=1486.599eV WF=4.000eV Ck=XL Det=MCD Ent=6x12mm Exit=4mm
7610
7724
8032
8306
8432
9031
9657
10434
11909
13581
15507
16721
16464
14820
12912
10822
9293
8106
7419
6973
6486
6438
6002
5880
5866
