Ag(111) limpa 3d e 3p
   371.00003   366.00003    -0.20000     1.00000     0.30000    26    30.0
LO MagPE 30.000KE/1  Ex=1486.599eV WF=4.000eV Ck=XL Det=MCD Ent=6x12mm Exit=4mm
3846
3934
4034
4376
4779
5573
6522
7866
10207
13822
17688
22094
25139
25723
23432
18533
12867
8608
6121
4560
3598
2969
2750
2566
2431
2298
   579.00006   567.00006    -0.50000     1.00000     0.30000    25    30.0
LO MagPE 30.000KE/1  Ex=1486.599eV WF=4.000eV Ck=XL Det=MCD Ent=6x12mm Exit=4mm
5198
5418
5453
5728
5802
6099
6347
6940
7514
8189
9125
9669
9424
8477
7499
6511
5734
5259
4786
4651
4303
4161
4115
3983
4064
