Ag(111) limpa 3d e 3p
   371.00003   366.00003    -0.20000     1.00000     0.30000    26    30.0
LO MagPE 30.000KE/1  Ex=1486.599eV WF=4.000eV Ck=XL Det=MCD Ent=6x12mm Exit=4mm
4788
4978
5105
5605
6197
7168
8421
10654
13560
17864
23651
29207
33021
34456
31243
24785
17423
11727
7835
5957
4865
4023
3490
3209
3039
2871
   579.00006   567.00006    -0.50000     1.00000     0.30000    25    30.0
LO MagPE 30.000KE/1  Ex=1486.599eV WF=4.000eV Ck=XL Det=MCD Ent=6x12mm Exit=4mm
6578
6695
6996
6969
7307
7562
7939
8438
9415
10766
11955
12471
12597
11365
10093
8641
7515
6858
6467
6060
5728
5400
5306
5255
5063
