Ag(111) limpa 3d e 3p
   371.00003   366.00003    -0.20000     1.00000     0.30000    26    30.0
LO MagPE 30.000KE/1  Ex=1486.599eV WF=4.000eV Ck=XL Det=MCD Ent=6x12mm Exit=4mm
5228
5430
5904
6281
7074
8315
9783
12337
15766
21088
27854
34637
39780
41042
36582
29174
20231
13391
8990
6751
5303
4560
3932
3553
3295
3057
   579.00006   567.00006    -0.50000     1.00000     0.30000    25    30.0
LO MagPE 30.000KE/1  Ex=1486.599eV WF=4.000eV Ck=XL Det=MCD Ent=6x12mm Exit=4mm
6881
6943
7291
7538
7652
8247
8577
9409
10620
11963
13716
14779
14723
13368
11564
9677
8184
7206
6557
6122
5742
5569
5437
5146
4986
