Ag(111) limpa 3d e 3p
   371.00003   366.00003    -0.20000     1.00000     0.30000    26    30.0
LO MagPE 30.000KE/1  Ex=1486.599eV WF=4.000eV Ck=XL Det=MCD Ent=6x12mm Exit=4mm
1578
1656
1952
2103
2388
2857
3503
4298
5887
7910
10284
12469
13637
13722
11812
8906
6193
4101
2841
1996
1617
1393
1198
1122
995
934
   579.00006   567.00006    -0.50000     1.00000     0.30000    25    30.0
LO MagPE 30.000KE/1  Ex=1486.599eV WF=4.000eV Ck=XL Det=MCD Ent=6x12mm Exit=4mm
2186
2268
2363
2499
2535
2618
2816
2982
3499
3900
4566
4682
4568
4136
3653
3053
2633
2405
2222
2028
1887
1872
1794
1799
1750
