Ag(111) limpa 3d e 3p
   371.00003   366.00003    -0.20000     1.00000     0.30000    26    30.0
LO MagPE 30.000KE/1  Ex=1486.599eV WF=4.000eV Ck=XL Det=MCD Ent=6x12mm Exit=4mm
5003
5241
5491
6198
6771
7752
9360
11607
15262
20007
26344
32633
37439
38313
34628
27114
18945
12627
8795
6359
5115
4336
3893
3425
3112
3077
   579.00006   567.00006    -0.50000     1.00000     0.30000    25    30.0
LO MagPE 30.000KE/1  Ex=1486.599eV WF=4.000eV Ck=XL Det=MCD Ent=6x12mm Exit=4mm
6261
6328
6599
6947
7189
7424
7849
8520
9537
10836
12353
13165
12954
11663
10161
8552
7423
6745
6042
5675
5364
5143
4875
4885
4857
