Ag(111) limpa 3d e 3p
   371.00003   366.00003    -0.20000     1.00000     0.30000    26    30.0
LO MagPE 30.000KE/1  Ex=1486.599eV WF=4.000eV Ck=XL Det=MCD Ent=6x12mm Exit=4mm
1577
1584
1698
1751
1970
2284
2591
3309
4037
5355
6888
8447
9338
9457
8586
6657
4714
3067
2250
1749
1384
1273
1196
1056
965
990
   579.00006   567.00006    -0.50000     1.00000     0.30000    25    30.0
LO MagPE 30.000KE/1  Ex=1486.599eV WF=4.000eV Ck=XL Det=MCD Ent=6x12mm Exit=4mm
2582
2610
2748
2783
2861
2862
2973
3229
3550
3641
3856
3945
3881
3506
3043
2786
2556
2298
2184
2090
2036
1953
1990
1937
1953
