Ag(111) limpa 3d e 3p
   371.00003   366.00003    -0.20000     1.00000     0.30000    26    30.0
LO MagPE 30.000KE/1  Ex=1486.599eV WF=4.000eV Ck=XL Det=MCD Ent=6x12mm Exit=4mm
1510
1632
1917
2064
2266
2706
3275
4352
5517
7491
9467
11552
12760
12635
10719
8167
5650
3812
2592
1929
1536
1232
1109
1063
928
890
   579.00006   567.00006    -0.50000     1.00000     0.30000    25    30.0
LO MagPE 30.000KE/1  Ex=1486.599eV WF=4.000eV Ck=XL Det=MCD Ent=6x12mm Exit=4mm
2318
2361
2456
2616
2567
2786
2971
3223
3721
4195
4637
4951
4939
4483
3712
3382
2845
2589
2348
2132
2142
2006
1964
1882
1789
