Ag(111) limpa 3d e 3p
   371.00003   366.00003    -0.20000     1.00000     0.30000    26    30.0
LO MagPE 30.000KE/1  Ex=1486.599eV WF=4.000eV Ck=XL Det=MCD Ent=6x12mm Exit=4mm
5011
5348
5664
6108
6933
7876
9618
11825
15537
20343
26864
32944
37789
38324
33841
26429
18162
12064
8389
6196
5009
4369
3802
3457
3145
3112
   579.00006   567.00006    -0.50000     1.00000     0.30000    25    30.0
LO MagPE 30.000KE/1  Ex=1486.599eV WF=4.000eV Ck=XL Det=MCD Ent=6x12mm Exit=4mm
6378
6369
6503
6882
7064
7212
7826
8176
9384
10505
11584
12450
12268
11075
9640
8118
7170
6522
5978
5666
5342
5097
5044
4886
4819
