Ag(111) limpa 3d e 3p
   371.00003   366.00003    -0.20000     1.00000     0.30000    26    30.0
LO MagPE 30.000KE/1  Ex=1486.599eV WF=4.000eV Ck=XL Det=MCD Ent=6x12mm Exit=4mm
4163
4318
4647
4973
5607
6300
7400
9339
11949
15835
20871
25994
29909
30355
27596
22012
15174
10188
6853
5233
4138
3512
3066
2827
2666
2493
   579.00006   567.00006    -0.50000     1.00000     0.30000    25    30.0
LO MagPE 30.000KE/1  Ex=1486.599eV WF=4.000eV Ck=XL Det=MCD Ent=6x12mm Exit=4mm
5331
5544
5524
5765
6006
6173
6445
6902
7802
8653
9612
10048
9794
9128
7649
6572
5872
5265
4803
4561
4233
4189
4004
4028
3918
