Ag(111) limpa 3d e 3p
   371.00003   366.00003    -0.20000     1.00000     0.30000    26    30.0
LO MagPE 30.000KE/1  Ex=1486.599eV WF=4.000eV Ck=XL Det=MCD Ent=6x12mm Exit=4mm
5045
5473
5710
6143
7007
8015
9746
12232
16015
21345
27665
33210
37245
37233
32827
25620
17796
11808
8302
6215
4944
4279
3705
3418
3232
3029
   579.00006   567.00006    -0.50000     1.00000     0.30000    25    30.0
LO MagPE 30.000KE/1  Ex=1486.599eV WF=4.000eV Ck=XL Det=MCD Ent=6x12mm Exit=4mm
7178
7422
7563
7926
8137
8582
8912
9685
10923
12091
13319
14325
14164
12854
11212
9736
8564
7886
7120
6692
6477
6171
6135
5997
5771
