Ag(111) limpa 3d e 3p
   371.00003   366.00003    -0.20000     1.00000     0.30000    26    30.0
LO MagPE 30.000KE/1  Ex=1486.599eV WF=4.000eV Ck=XL Det=MCD Ent=6x12mm Exit=4mm
5511
5876
6288
6726
7500
8788
10384
12912
16987
22710
29617
36582
41667
42242
37586
29502
20584
13813
9692
7081
5683
4584
4125
3733
3593
3251
   579.00006   567.00006    -0.50000     1.00000     0.30000    25    30.0
LO MagPE 30.000KE/1  Ex=1486.599eV WF=4.000eV Ck=XL Det=MCD Ent=6x12mm Exit=4mm
6924
7115
7239
7426
7800
8094
8713
9258
10498
11882
13347
14293
14113
12752
11053
9361
8019
7276
6739
6249
5952
5696
5688
5470
5406
