Ag(111) limpa 3d e 3p
   371.00003   366.00003    -0.20000     1.00000     0.30000    26    30.0
LO MagPE 30.000KE/1  Ex=1486.599eV WF=4.000eV Ck=XL Det=MCD Ent=6x12mm Exit=4mm
2195
2254
2535
2802
3310
3781
4609
5592
7517
10189
13631
16997
18761
18947
16774
13008
8875
6024
3968
2918
2300
1888
1686
1475
1247
1196
   579.00006   567.00006    -0.50000     1.00000     0.30000    25    30.0
LO MagPE 30.000KE/1  Ex=1486.599eV WF=4.000eV Ck=XL Det=MCD Ent=6x12mm Exit=4mm
2591
2706
2736
2872
3038
3284
3508
3929
4427
5099
6017
6394
6404
5819
4872
4076
3550
2903
2651
2509
2308
2271
2111
2045
2016
