Ag(111) limpa 3d e 3p
   371.00003   366.00003    -0.20000     1.00000     0.30000    26    30.0
LO MagPE 30.000KE/1  Ex=1486.599eV WF=4.000eV Ck=XL Det=MCD Ent=6x12mm Exit=4mm
1968
2148
2208
2559
2757
3284
4056
5151
6821
9047
11736
14044
15811
15854
13666
10517
7238
4903
3265
2491
1830
1709
1453
1236
1177
1076
   579.00006   567.00006    -0.50000     1.00000     0.30000    25    30.0
LO MagPE 30.000KE/1  Ex=1486.599eV WF=4.000eV Ck=XL Det=MCD Ent=6x12mm Exit=4mm
2576
2643
2746
2918
2942
3095
3469
3827
4257
5152
5545
6058
6131
5414
4547
3795
3174
2806
2615
2369
2244
2142
2217
2105
1992
