Ag(111) limpa 3d e 3p
   371.00003   366.00003    -0.20000     1.00000     0.30000    26    30.0
LO MagPE 30.000KE/1  Ex=1486.599eV WF=4.000eV Ck=XL Det=MCD Ent=6x12mm Exit=4mm
6252
6541
6968
7630
8616
10101
12183
15382
20384
27293
35166
42529
48110
48167
42753
33010
23212
15099
10324
7741
6182
5171
4591
4114
3808
3666
   579.00006   567.00006    -0.50000     1.00000     0.30000    25    30.0
LO MagPE 30.000KE/1  Ex=1486.599eV WF=4.000eV Ck=XL Det=MCD Ent=6x12mm Exit=4mm
7633
7978
7989
8389
8691
9181
9687
10411
11541
13264
15110
16087
15533
14348
12335
10553
9326
8327
7648
7197
6852
6627
6339
6113
6227
