Ag(111) limpa 3d e 3p
   371.00003   366.00003    -0.20000     1.00000     0.30000    26    30.0
LO MagPE 30.000KE/1  Ex=1486.599eV WF=4.000eV Ck=XL Det=MCD Ent=6x12mm Exit=4mm
4405
4651
4699
5356
5766
6700
7885
9723
12555
16822
21985
27483
31488
32043
29047
22844
15857
10536
7202
5563
4480
3697
3248
2948
2732
2641
   579.00006   567.00006    -0.50000     1.00000     0.30000    25    30.0
LO MagPE 30.000KE/1  Ex=1486.599eV WF=4.000eV Ck=XL Det=MCD Ent=6x12mm Exit=4mm
5940
6049
6430
6591
6717
6971
7385
8002
8691
9913
11246
11886
11801
10530
9066
7882
6984
6239
5889
5232
5112
5049
4790
4716
4577
