Ag(111) limpa 3d e 3p
   371.00003   366.00003    -0.20000     1.00000     0.30000    26    30.0
LO MagPE 30.000KE/1  Ex=1486.599eV WF=4.000eV Ck=XL Det=MCD Ent=6x12mm Exit=4mm
1861
1910
1900
2168
2229
2674
3034
3683
4857
6548
8164
10237
11435
11379
9827
7589
5258
3634
2455
1921
1688
1490
1361
1243
1124
1113
   579.00006   567.00006    -0.50000     1.00000     0.30000    25    30.0
LO MagPE 30.000KE/1  Ex=1486.599eV WF=4.000eV Ck=XL Det=MCD Ent=6x12mm Exit=4mm
3039
3200
3304
3305
3428
3523
3595
3868
4494
4641
4703
4451
4360
3840
3338
2863
2558
2445
2276
2199
2131
1947
1958
2061
1931
