Ag(111) limpa 3d e 3p
   371.00003   366.00003    -0.20000     1.00000     0.30000    26    30.0
LO MagPE 30.000KE/1  Ex=1486.599eV WF=4.000eV Ck=XL Det=MCD Ent=6x12mm Exit=4mm
1551
1481
1580
1629
1864
1929
2491
3056
3857
4953
6391
8014
8983
8952
8109
6100
4265
2872
1984
1616
1363
1112
999
976
885
903
   579.00006   567.00006    -0.50000     1.00000     0.30000    25    30.0
LO MagPE 30.000KE/1  Ex=1486.599eV WF=4.000eV Ck=XL Det=MCD Ent=6x12mm Exit=4mm
2269
2450
2392
2495
2521
2644
2528
2873
3027
3219
3538
3596
3451
3085
2763
2396
2148
2032
1910
1746
1741
1681
1739
1615
1609
