Ag(111) limpa 3d e 3p
   371.00003   366.00003    -0.20000     1.00000     0.30000    26    30.0
LO MagPE 30.000KE/1  Ex=1486.599eV WF=4.000eV Ck=XL Det=MCD Ent=6x12mm Exit=4mm
5137
5444
5782
6396
7134
8288
9644
12289
15962
21224
27973
34471
39275
39687
34871
27220
18755
12555
8641
6392
5161
4274
3721
3434
3140
3094
   579.00006   567.00006    -0.50000     1.00000     0.30000    25    30.0
LO MagPE 30.000KE/1  Ex=1486.599eV WF=4.000eV Ck=XL Det=MCD Ent=6x12mm Exit=4mm
6582
6843
6817
7121
7422
7649
8007
8998
10094
11480
12858
13889
13589
12389
10620
8919
7783
6737
6299
5723
5535
5218
5267
4929
4904
