Ag(111) limpa 3d e 3p
   371.00003   366.00003    -0.20000     1.00000     0.30000    26    30.0
LO MagPE 30.000KE/1  Ex=1486.599eV WF=4.000eV Ck=XL Det=MCD Ent=6x12mm Exit=4mm
5926
6247
6411
7013
8005
9419
11290
14070
18486
24458
31995
39503
44347
44550
39759
30905
21324
14463
10030
7361
5860
4790
4236
3924
3648
3547
   579.00006   567.00006    -0.50000     1.00000     0.30000    25    30.0
LO MagPE 30.000KE/1  Ex=1486.599eV WF=4.000eV Ck=XL Det=MCD Ent=6x12mm Exit=4mm
7781
8233
8325
8479
8971
9433
10055
11012
12290
14313
15873
17356
16982
15176
13193
11147
9575
8410
7817
7267
6748
6606
6305
6314
5876
