Ag(111) limpa 3d e 3p
   371.00003   366.00003    -0.20000     1.00000     0.30000    26    30.0
LO MagPE 30.000KE/1  Ex=1486.599eV WF=4.000eV Ck=XL Det=MCD Ent=6x12mm Exit=4mm
3235
3265
3438
3826
4137
4623
5570
6765
8650
11230
14835
18367
21204
21635
19878
15863
10743
7242
5111
3879
3147
2664
2306
2229
2072
1974
   579.00006   567.00006    -0.50000     1.00000     0.30000    25    30.0
LO MagPE 30.000KE/1  Ex=1486.599eV WF=4.000eV Ck=XL Det=MCD Ent=6x12mm Exit=4mm
4511
4502
4692
4851
5048
5169
5269
5773
6256
6847
7426
7837
7791
7103
6219
5461
5033
4548
4132
3954
3822
3676
3679
3639
3498
