Ag(111) limpa 3d e 3p
   371.00003   366.00003    -0.20000     1.00000     0.30000    26    30.0
LO MagPE 30.000KE/1  Ex=1486.599eV WF=4.000eV Ck=XL Det=MCD Ent=6x12mm Exit=4mm
6674
7121
7666
8381
9526
11051
13329
16975
22108
29603
39207
48095
53985
55328
48420
37450
26189
17067
11708
8784
6883
5738
5042
4541
4160
3999
   579.00006   567.00006    -0.50000     1.00000     0.30000    25    30.0
LO MagPE 30.000KE/1  Ex=1486.599eV WF=4.000eV Ck=XL Det=MCD Ent=6x12mm Exit=4mm
8214
8581
8600
8862
9322
9868
10431
11628
12951
15111
16905
18357
18282
16072
13693
11669
10058
8930
8007
7469
7144
6823
6636
6319
6338
