Ag(111) limpa 3d e 3p
   371.00003   366.00003    -0.20000     1.00000     0.30000    26    30.0
LO MagPE 30.000KE/1  Ex=1486.599eV WF=4.000eV Ck=XL Det=MCD Ent=6x12mm Exit=4mm
3980
3967
4375
4729
5301
5960
7079
8770
11299
14979
19770
24315
27633
28387
25432
19679
13387
9032
6272
4828
3914
3294
2887
2579
2491
2373
   579.00006   567.00006    -0.50000     1.00000     0.30000    25    30.0
LO MagPE 30.000KE/1  Ex=1486.599eV WF=4.000eV Ck=XL Det=MCD Ent=6x12mm Exit=4mm
5390
5334
5656
5737
5849
6101
6663
7059
7824
8579
9642
10188
10262
8996
8044
6662
6027
5408
4910
4682
4497
4352
4180
4268
4054
