Ag(111) limpa 3d e 3p
   371.00003   366.00003    -0.20000     1.00000     0.30000    26    30.0
LO MagPE 30.000KE/1  Ex=1486.599eV WF=4.000eV Ck=XL Det=MCD Ent=6x12mm Exit=4mm
6834
7116
7635
8372
9507
11110
13557
16785
22704
30345
39232
48159
53859
53706
47270
36570
25089
16689
11439
8375
6698
5761
4840
4398
4106
3958
   579.00006   567.00006    -0.50000     1.00000     0.30000    25    30.0
LO MagPE 30.000KE/1  Ex=1486.599eV WF=4.000eV Ck=XL Det=MCD Ent=6x12mm Exit=4mm
8001
8473
8643
8974
9299
9812
10477
11582
13216
15084
17173
18459
18299
16449
14034
11659
10063
8792
8164
7491
7006
6825
6532
6370
6187
