Ag(111) limpa 3d e 3p
   371.00003   366.00003    -0.20000     1.00000     0.30000    26    30.0
LO MagPE 30.000KE/1  Ex=1486.599eV WF=4.000eV Ck=XL Det=MCD Ent=6x12mm Exit=4mm
1628
1711
1857
2092
2382
2748
3431
4418
5760
7783
10094
12266
13507
13184
11619
8925
6196
4047
2772
2087
1622
1423
1201
1044
973
946
   579.00006   567.00006    -0.50000     1.00000     0.30000    25    30.0
LO MagPE 30.000KE/1  Ex=1486.599eV WF=4.000eV Ck=XL Det=MCD Ent=6x12mm Exit=4mm
2342
2355
2396
2565
2750
2769
2967
3248
3604
4152
4608
5039
4906
4489
3681
3318
2808
2512
2188
2083
2035
2028
1920
1864
1794
