Ag(111) limpa 3d e 3p
   371.00003   366.00003    -0.20000     1.00000     0.30000    26    30.0
LO MagPE 30.000KE/1  Ex=1486.599eV WF=4.000eV Ck=XL Det=MCD Ent=6x12mm Exit=4mm
1498
1597
1712
1922
2181
2436
3077
3797
5160
6831
8805
10816
12348
12042
10776
8139
5567
3708
2543
1921
1515
1265
1076
904
931
904
   579.00006   567.00006    -0.50000     1.00000     0.30000    25    30.0
LO MagPE 30.000KE/1  Ex=1486.599eV WF=4.000eV Ck=XL Det=MCD Ent=6x12mm Exit=4mm
1961
2060
2061
2069
2180
2306
2481
2775
3111
3475
3895
4035
4070
3772
3131
2826
2438
2114
2119
1978
1769
1826
1800
1693
1645
