Ag(111) limpa 3d e 3p
   371.00003   366.00003    -0.20000     1.00000     0.30000    26    30.0
LO MagPE 30.000KE/1  Ex=1486.599eV WF=4.000eV Ck=XL Det=MCD Ent=6x12mm Exit=4mm
4829
5052
5332
5787
6361
7294
8996
11031
14220
19056
24610
29800
34184
34649
30907
24523
16916
11460
7878
5880
4780
4026
3577
3251
2993
2991
   579.00006   567.00006    -0.50000     1.00000     0.30000    25    30.0
LO MagPE 30.000KE/1  Ex=1486.599eV WF=4.000eV Ck=XL Det=MCD Ent=6x12mm Exit=4mm
7016
7074
7338
7526
7792
7921
8341
8918
9986
11018
12171
13155
12858
11795
10399
9139
8198
7526
6973
6606
6202
6139
5955
5779
5800
