Ag(111) limpa 3d e 3p
   371.00003   366.00003    -0.20000     1.00000     0.30000    26    30.0
LO MagPE 30.000KE/1  Ex=1486.599eV WF=4.000eV Ck=XL Det=MCD Ent=6x12mm Exit=4mm
1775
1795
2137
2300
2652
3033
3742
4779
6243
8461
11015
13607
15043
15022
13150
10093
6825
4463
3101
2296
1753
1432
1321
1144
1032
999
   579.00006   567.00006    -0.50000     1.00000     0.30000    25    30.0
LO MagPE 30.000KE/1  Ex=1486.599eV WF=4.000eV Ck=XL Det=MCD Ent=6x12mm Exit=4mm
2299
2434
2461
2459
2648
2815
2989
3227
3632
4233
4823
5231
5075
4433
3824
3289
2857
2550
2302
2058
1935
1976
1869
1823
1839
