Ag(111) limpa 3d e 3p
   371.00003   366.00003    -0.20000     1.00000     0.30000    26    30.0
LO MagPE 30.000KE/1  Ex=1486.599eV WF=4.000eV Ck=XL Det=MCD Ent=6x12mm Exit=4mm
6529
6984
7406
8194
9377
10806
13117
16672
21998
29704
38231
47087
52917
53182
46628
36062
25000
16319
11299
8305
6748
5519
4930
4281
4113
4011
   579.00006   567.00006    -0.50000     1.00000     0.30000    25    30.0
LO MagPE 30.000KE/1  Ex=1486.599eV WF=4.000eV Ck=XL Det=MCD Ent=6x12mm Exit=4mm
7957
8098
8481
8833
9118
9576
10159
11431
12743
14431
16497
17839
17614
15750
13283
11183
9790
8581
7913
7403
6993
6673
6508
6367
6240
