Ag(111) limpa 3d e 3p
   371.00003   366.00003    -0.20000     1.00000     0.30000    26    30.0
LO MagPE 30.000KE/1  Ex=1486.599eV WF=4.000eV Ck=XL Det=MCD Ent=6x12mm Exit=4mm
1426
1376
1484
1588
1753
1919
2285
2798
3413
4549
5893
7459
8189
8240
7232
5720
3936
2691
1893
1433
1321
1097
971
959
877
805
   579.00006   567.00006    -0.50000     1.00000     0.30000    25    30.0
LO MagPE 30.000KE/1  Ex=1486.599eV WF=4.000eV Ck=XL Det=MCD Ent=6x12mm Exit=4mm
2072
2225
2202
2306
2290
2385
2466
2606
2853
3107
3307
3263
3168
3059
2651
2379
2130
1997
1883
1745
1807
1687
1633
1531
1611
