Ag(111) limpa 3d e 3p
   371.00003   366.00003    -0.20000     1.00000     0.30000    26    30.0
LO MagPE 30.000KE/1  Ex=1486.599eV WF=4.000eV Ck=XL Det=MCD Ent=6x12mm Exit=4mm
4517
4794
5074
5365
5975
6939
8216
10185
13285
17928
23312
28642
33051
33205
30643
23415
16670
10888
7729
5665
4520
3859
3340
3102
2880
2727
   579.00006   567.00006    -0.50000     1.00000     0.30000    25    30.0
LO MagPE 30.000KE/1  Ex=1486.599eV WF=4.000eV Ck=XL Det=MCD Ent=6x12mm Exit=4mm
5955
5931
6170
6531
6715
6947
7447
7987
8826
10258
11009
11978
11769
10671
9088
7790
6794
6083
5739
5373
5041
5094
4708
4552
4534
