Ag(111) limpa 3d e 3p
   371.00003   366.00003    -0.20000     1.00000     0.30000    26    30.0
LO MagPE 30.000KE/1  Ex=1486.599eV WF=4.000eV Ck=XL Det=MCD Ent=6x12mm Exit=4mm
4608
4964
5108
5583
6358
7056
8695
10625
14173
18761
24364
30302
34003
34513
30050
23260
16216
10796
7433
5509
4405
3807
3366
3095
2855
2687
   579.00006   567.00006    -0.50000     1.00000     0.30000    25    30.0
LO MagPE 30.000KE/1  Ex=1486.599eV WF=4.000eV Ck=XL Det=MCD Ent=6x12mm Exit=4mm
5858
6004
6213
6407
6471
6695
7392
8017
8766
9871
11182
11847
11928
10696
9047
7722
6657
6102
5633
5310
4973
4861
4610
4493
4495
