Ag(111) limpa 3d e 3p
   371.00003   366.00003    -0.20000     1.00000     0.30000    26    30.0
LO MagPE 30.000KE/1  Ex=1486.599eV WF=4.000eV Ck=XL Det=MCD Ent=6x12mm Exit=4mm
3790
3893
4072
4527
5037
5812
6649
8175
10554
13870
17943
22675
25912
26767
24143
19204
13382
9208
6346
4701
3848
3130
2817
2626
2470
2288
   579.00006   567.00006    -0.50000     1.00000     0.30000    25    30.0
LO MagPE 30.000KE/1  Ex=1486.599eV WF=4.000eV Ck=XL Det=MCD Ent=6x12mm Exit=4mm
5529
5558
5510
5812
6035
6134
6373
6947
7633
8400
9379
9884
9651
8982
7795
6812
6111
5481
5098
4715
4622
4453
4458
4184
4216
