Ag(111) limpa 3d e 3p
   371.00003   366.00003    -0.20000     1.00000     0.30000    26    30.0
LO MagPE 30.000KE/1  Ex=1486.599eV WF=4.000eV Ck=XL Det=MCD Ent=6x12mm Exit=4mm
4314
4213
4580
4932
5494
6210
7285
9238
11863
15710
20353
25159
28436
28327
25159
19674
13889
9082
6573
4943
4024
3408
2990
2766
2632
2543
   579.00006   567.00006    -0.50000     1.00000     0.30000    25    30.0
LO MagPE 30.000KE/1  Ex=1486.599eV WF=4.000eV Ck=XL Det=MCD Ent=6x12mm Exit=4mm
5729
6010
6090
6367
6367
6617
6947
7416
8315
9087
9791
10483
10348
9541
8307
7140
6503
5956
5669
5269
4956
4942
4878
4771
4621
