Ag(111) limpa 3d e 3p
   371.00003   366.00003    -0.20000     1.00000     0.30000    26    30.0
LO MagPE 30.000KE/1  Ex=1486.599eV WF=4.000eV Ck=XL Det=MCD Ent=6x12mm Exit=4mm
5330
5651
6272
6582
7471
8775
10634
13294
17677
22978
30420
36628
41633
41616
36808
28680
20195
13283
9269
6914
5405
4532
3986
3788
3308
3377
   579.00006   567.00006    -0.50000     1.00000     0.30000    25    30.0
LO MagPE 30.000KE/1  Ex=1486.599eV WF=4.000eV Ck=XL Det=MCD Ent=6x12mm Exit=4mm
7841
7958
8156
8277
8738
9061
9580
10595
11991
13301
15151
16288
15924
14337
12547
10806
9214
8393
7659
7103
6827
6586
6377
6298
6239
