Ag(111) limpa 3d e 3p
   371.00003   366.00003    -0.20000     1.00000     0.30000    26    30.0
LO MagPE 30.000KE/1  Ex=1486.599eV WF=4.000eV Ck=XL Det=MCD Ent=6x12mm Exit=4mm
5484
5738
6063
6708
7516
8638
10426
12841
16595
22580
29316
36568
41366
42311
37678
30055
20990
13956
9601
7081
5700
4759
4200
3720
3448
3380
   579.00006   567.00006    -0.50000     1.00000     0.30000    25    30.0
LO MagPE 30.000KE/1  Ex=1486.599eV WF=4.000eV Ck=XL Det=MCD Ent=6x12mm Exit=4mm
7180
7187
7437
7646
7919
8196
8723
9588
10388
12004
13360
14582
14516
13073
11078
9709
8442
7506
6865
6541
6252
5947
5726
5622
5536
