Ag(111) limpa 3d e 3p
   371.00003   366.00003    -0.20000     1.00000     0.30000    26    30.0
LO MagPE 30.000KE/1  Ex=1486.599eV WF=4.000eV Ck=XL Det=MCD Ent=6x12mm Exit=4mm
4461
4798
5059
5420
5935
6751
8088
10242
13347
17494
22896
28636
32604
32901
29667
23294
16473
10865
7757
5718
4566
3726
3322
3004
2910
2820
   579.00006   567.00006    -0.50000     1.00000     0.30000    25    30.0
LO MagPE 30.000KE/1  Ex=1486.599eV WF=4.000eV Ck=XL Det=MCD Ent=6x12mm Exit=4mm
6173
6512
6501
6882
6892
7168
7515
7918
8872
10026
11227
12011
11795
10719
9336
7932
7218
6430
6034
5641
5514
5278
5207
4916
4945
