Ag(111) limpa 3d e 3p
   371.00003   366.00003    -0.20000     1.00000     0.30000    26    30.0
LO MagPE 30.000KE/1  Ex=1486.599eV WF=4.000eV Ck=XL Det=MCD Ent=6x12mm Exit=4mm
5690
6105
6594
7189
8092
9228
11311
14453
19004
24739
32557
39754
44575
44785
39224
30486
21179
14302
9556
7377
5835
4815
4258
3808
3583
3460
   579.00006   567.00006    -0.50000     1.00000     0.30000    25    30.0
LO MagPE 30.000KE/1  Ex=1486.599eV WF=4.000eV Ck=XL Det=MCD Ent=6x12mm Exit=4mm
7646
7984
8227
8228
8774
9082
9732
10471
11653
13199
14938
16117
15834
14210
12418
10743
9186
8243
7618
7015
6763
6508
6373
6303
6287
