Ag(111) limpa 3d e 3p
   371.00003   366.00003    -0.20000     1.00000     0.30000    26    30.0
LO MagPE 30.000KE/1  Ex=1486.599eV WF=4.000eV Ck=XL Det=MCD Ent=6x12mm Exit=4mm
6166
6708
6986
7698
8765
10100
12264
15327
20287
26870
35318
43145
48649
49135
43502
33722
23404
15538
10902
7887
6366
5321
4507
4062
3875
3729
   579.00006   567.00006    -0.50000     1.00000     0.30000    25    30.0
LO MagPE 30.000KE/1  Ex=1486.599eV WF=4.000eV Ck=XL Det=MCD Ent=6x12mm Exit=4mm
8176
8176
8546
8700
8873
9556
10242
10848
12768
14346
16303
17447
17220
15399
13236
11242
9756
8678
8002
7299
6944
6681
6386
6402
6357
