Ag(111) limpa 3d e 3p
   371.00003   366.00003    -0.20000     1.00000     0.30000    26    30.0
LO MagPE 30.000KE/1  Ex=1486.599eV WF=4.000eV Ck=XL Det=MCD Ent=6x12mm Exit=4mm
1745
1802
1782
1993
2265
2510
2869
3559
4568
5931
7717
9526
10694
10533
9390
7111
4872
3249
2408
1819
1564
1411
1213
1123
1111
1105
   579.00006   567.00006    -0.50000     1.00000     0.30000    25    30.0
LO MagPE 30.000KE/1  Ex=1486.599eV WF=4.000eV Ck=XL Det=MCD Ent=6x12mm Exit=4mm
2910
2902
3145
3268
3206
3273
3350
3659
3978
4296
4218
4430
3997
3630
3260
2811
2387
2336
2121
2178
2066
1990
1927
1877
1847
