Ag(111) limpa 3d e 3p
   371.00003   366.00003    -0.20000     1.00000     0.30000    26    30.0
LO MagPE 30.000KE/1  Ex=1486.599eV WF=4.000eV Ck=XL Det=MCD Ent=6x12mm Exit=4mm
1804
1795
1928
2006
2298
2539
3066
3666
4709
6392
8159
10103
11540
11447
10333
8052
5548
3832
2591
2015
1646
1388
1343
1190
1092
1005
   579.00006   567.00006    -0.50000     1.00000     0.30000    25    30.0
LO MagPE 30.000KE/1  Ex=1486.599eV WF=4.000eV Ck=XL Det=MCD Ent=6x12mm Exit=4mm
2614
2687
2794
2771
2855
2943
3145
3212
3584
4013
4038
4191
4154
3712
3270
2890
2517
2408
2133
2163
1997
1995
1982
1922
1867
