Ag(111) limpa 3d e 3p
   371.00003   366.00003    -0.20000     1.00000     0.30000    26    30.0
LO MagPE 30.000KE/1  Ex=1486.599eV WF=4.000eV Ck=XL Det=MCD Ent=6x12mm Exit=4mm
5152
5507
5889
6298
7045
8105
9749
11971
15782
20953
27167
33877
38966
39343
35485
27561
19355
12878
8754
6416
5296
4374
3767
3467
3274
3158
   579.00006   567.00006    -0.50000     1.00000     0.30000    25    30.0
LO MagPE 30.000KE/1  Ex=1486.599eV WF=4.000eV Ck=XL Det=MCD Ent=6x12mm Exit=4mm
6374
6370
6531
6666
7071
7358
7669
8534
9350
10460
11853
12721
12601
11405
9813
8462
7177
6607
5917
5684
5306
5209
5059
4999
4683
