Ag(111) limpa 3d e 3p
   371.00003   366.00003    -0.20000     1.00000     0.30000    26    30.0
LO MagPE 30.000KE/1  Ex=1486.599eV WF=4.000eV Ck=XL Det=MCD Ent=6x12mm Exit=4mm
1978
2066
2248
2463
2708
3314
3958
4999
6696
8844
11660
13974
15820
15508
13457
10278
7079
4826
3324
2398
1958
1658
1479
1303
1216
1163
   579.00006   567.00006    -0.50000     1.00000     0.30000    25    30.0
LO MagPE 30.000KE/1  Ex=1486.599eV WF=4.000eV Ck=XL Det=MCD Ent=6x12mm Exit=4mm
2692
2634
2660
2835
2998
3059
3311
3551
4074
4641
5149
5628
5515
4984
4275
3646
3085
2754
2560
2425
2217
2127
2151
1959
1993
