Ag(111) limpa 3d e 3p
   371.00003   366.00003    -0.20000     1.00000     0.30000    26    30.0
LO MagPE 30.000KE/1  Ex=1486.599eV WF=4.000eV Ck=XL Det=MCD Ent=6x12mm Exit=4mm
3697
3779
4043
4303
4790
5447
6403
8120
10458
13512
17937
22384
25510
26061
23874
18673
13161
8595
5857
4562
3579
2983
2667
2395
2216
2096
   579.00006   567.00006    -0.50000     1.00000     0.30000    25    30.0
LO MagPE 30.000KE/1  Ex=1486.599eV WF=4.000eV Ck=XL Det=MCD Ent=6x12mm Exit=4mm
4955
5112
5293
5303
5499
5768
6129
6525
7226
7997
8980
9311
9298
8489
7308
6330
5494
4903
4531
4174
3984
3887
3739
3639
3505
