Ag(111) limpa 3d e 3p
   371.00003   366.00003    -0.20000     1.00000     0.30000    26    30.0
LO MagPE 30.000KE/1  Ex=1486.599eV WF=4.000eV Ck=XL Det=MCD Ent=6x12mm Exit=4mm
5800
6041
6527
7038
7974
9165
11161
14171
18346
24352
31595
39177
44188
44282
39519
30518
21268
14354
9994
7244
5744
4889
4410
3922
3582
3538
   579.00006   567.00006    -0.50000     1.00000     0.30000    25    30.0
LO MagPE 30.000KE/1  Ex=1486.599eV WF=4.000eV Ck=XL Det=MCD Ent=6x12mm Exit=4mm
7761
7817
8147
8435
8627
8907
9557
10479
11596
13146
14653
15630
15488
14067
12257
10403
9430
8281
7532
7112
6789
6585
6294
6330
6174
