Ag(111) limpa 3d e 3p
   371.00003   366.00003    -0.20000     1.00000     0.30000    26    30.0
LO MagPE 30.000KE/1  Ex=1486.599eV WF=4.000eV Ck=XL Det=MCD Ent=6x12mm Exit=4mm
2219
2330
2414
2626
2875
3271
3972
4953
6517
8525
11174
13493
15019
15280
13417
10457
7242
4784
3355
2534
2089
1790
1548
1382
1368
1344
   579.00006   567.00006    -0.50000     1.00000     0.30000    25    30.0
LO MagPE 30.000KE/1  Ex=1486.599eV WF=4.000eV Ck=XL Det=MCD Ent=6x12mm Exit=4mm
2971
3169
3204
3247
3325
3483
3622
4011
4347
4943
5449
5615
5441
4845
4320
3596
3187
2805
2729
2644
2409
2406
2424
2222
2292
