Ag(111) limpa 3d e 3p
   371.00003   366.00003    -0.20000     1.00000     0.30000    26    30.0
LO MagPE 30.000KE/1  Ex=1486.599eV WF=4.000eV Ck=XL Det=MCD Ent=6x12mm Exit=4mm
1619
1801
1870
2084
2324
2756
3537
4413
5792
7554
10149
12449
13713
13871
12077
9186
6565
4282
3005
2166
1701
1401
1256
1092
1011
1060
   579.00006   567.00006    -0.50000     1.00000     0.30000    25    30.0
LO MagPE 30.000KE/1  Ex=1486.599eV WF=4.000eV Ck=XL Det=MCD Ent=6x12mm Exit=4mm
2183
2327
2326
2360
2456
2553
2756
3251
3394
3932
4499
4717
4625
4236
3725
2973
2718
2351
2281
2087
1963
1859
1884
1832
1716
