Ag(111) limpa 3d e 3p
   371.00003   366.00003    -0.20000     1.00000     0.30000    26    30.0
LO MagPE 30.000KE/1  Ex=1486.599eV WF=4.000eV Ck=XL Det=MCD Ent=6x12mm Exit=4mm
6157
6364
6907
7490
8479
9766
11855
14944
19541
26340
34155
42112
46865
47375
42045
32459
22381
14977
10293
7825
6048
5268
4343
3953
3775
3581
   579.00006   567.00006    -0.50000     1.00000     0.30000    25    30.0
LO MagPE 30.000KE/1  Ex=1486.599eV WF=4.000eV Ck=XL Det=MCD Ent=6x12mm Exit=4mm
7481
7685
7867
8008
8440
8734
9327
10518
11333
13117
14662
15820
15805
14128
11966
10335
8883
8180
7432
6925
6585
6301
6095
5877
5866
