Ag(111) limpa 3d e 3p
   371.00003   366.00003    -0.20000     1.00000     0.30000    26    30.0
LO MagPE 30.000KE/1  Ex=1486.599eV WF=4.000eV Ck=XL Det=MCD Ent=6x12mm Exit=4mm
4334
4719
4819
5229
5822
6573
7888
9786
12600
16903
21300
25938
29833
29402
26742
20974
14762
9908
7086
5291
4358
3662
3228
3026
2827
2687
   579.00006   567.00006    -0.50000     1.00000     0.30000    25    30.0
LO MagPE 30.000KE/1  Ex=1486.599eV WF=4.000eV Ck=XL Det=MCD Ent=6x12mm Exit=4mm
6477
6489
6600
6744
6923
7226
7613
8374
8956
10215
10908
11467
11453
10576
9241
8084
7134
6675
6249
6009
5758
5525
5373
5291
5307
