Ag(111) limpa 3d e 3p
   371.00003   366.00003    -0.20000     1.00000     0.30000    26    30.0
LO MagPE 30.000KE/1  Ex=1486.599eV WF=4.000eV Ck=XL Det=MCD Ent=6x12mm Exit=4mm
6998
7517
7998
8674
9813
11221
13817
17492
23069
31080
40496
49958
55410
56089
49698
38571
26644
17710
12226
8809
6936
5829
5005
4598
4264
4081
   579.00006   567.00006    -0.50000     1.00000     0.30000    25    30.0
LO MagPE 30.000KE/1  Ex=1486.599eV WF=4.000eV Ck=XL Det=MCD Ent=6x12mm Exit=4mm
8344
8501
8661
9005
9275
9829
10732
12022
13470
15699
17677
19152
18924
16945
14455
11966
9997
9065
8261
7544
7051
6630
6429
6422
6210
