Ag(111) limpa 3d e 3p
   371.00003   366.00003    -0.20000     1.00000     0.30000    26    30.0
LO MagPE 30.000KE/1  Ex=1486.599eV WF=4.000eV Ck=XL Det=MCD Ent=6x12mm Exit=4mm
3541
3802
3851
4139
4691
5307
6284
7690
10220
13282
17348
21559
24787
25006
22582
17850
12277
8317
5677
4278
3411
2982
2593
2348
2257
2132
   579.00006   567.00006    -0.50000     1.00000     0.30000    25    30.0
LO MagPE 30.000KE/1  Ex=1486.599eV WF=4.000eV Ck=XL Det=MCD Ent=6x12mm Exit=4mm
4824
4997
5038
5284
5327
5556
5932
6317
6896
7866
8565
9027
9006
8046
7117
6188
5506
4835
4419
4118
4044
3888
3872
3729
3585
