Ag(111) limpa 3d e 3p
   371.00003   366.00003    -0.20000     1.00000     0.30000    26    30.0
LO MagPE 30.000KE/1  Ex=1486.599eV WF=4.000eV Ck=XL Det=MCD Ent=6x12mm Exit=4mm
5875
5977
6285
7000
7971
9026
11058
14178
18338
24373
31789
38666
43789
43730
38335
29597
20660
13739
9400
7078
5557
4817
4130
3727
3590
3471
   579.00006   567.00006    -0.50000     1.00000     0.30000    25    30.0
LO MagPE 30.000KE/1  Ex=1486.599eV WF=4.000eV Ck=XL Det=MCD Ent=6x12mm Exit=4mm
7618
7785
8032
8133
8645
8844
9440
10188
11255
12755
14054
15160
14818
13476
11681
10210
9096
8181
7535
7124
6905
6620
6271
6218
6252
