Ag(111) limpa 3d e 3p
   371.00003   366.00003    -0.20000     1.00000     0.30000    26    30.0
LO MagPE 30.000KE/1  Ex=1486.599eV WF=4.000eV Ck=XL Det=MCD Ent=6x12mm Exit=4mm
1818
1944
2176
2214
2592
2907
3617
4612
6050
8215
10586
13028
14399
14626
12777
10109
6629
4514
3279
2293
1839
1440
1343
1269
1189
1088
   579.00006   567.00006    -0.50000     1.00000     0.30000    25    30.0
LO MagPE 30.000KE/1  Ex=1486.599eV WF=4.000eV Ck=XL Det=MCD Ent=6x12mm Exit=4mm
2510
2541
2636
2676
2746
2851
3171
3463
3828
4327
4996
5108
5071
4601
4018
3361
2947
2684
2438
2314
2178
2151
2012
1941
2005
