Ag(111) limpa 3d e 3p
   371.00003   366.00003    -0.20000     1.00000     0.30000    26    30.0
LO MagPE 30.000KE/1  Ex=1486.599eV WF=4.000eV Ck=XL Det=MCD Ent=6x12mm Exit=4mm
1995
2183
2398
2659
2819
3616
4331
5535
7454
9833
12898
15568
17273
16996
14558
11139
7672
5055
3487
2473
1992
1749
1506
1324
1262
1170
   579.00006   567.00006    -0.50000     1.00000     0.30000    25    30.0
LO MagPE 30.000KE/1  Ex=1486.599eV WF=4.000eV Ck=XL Det=MCD Ent=6x12mm Exit=4mm
2593
2714
2642
2867
3015
3203
3250
3804
4341
4985
5631
5975
5761
5313
4401
3813
3200
2790
2597
2420
2285
2167
2094
2029
2091
