Ag(111) limpa 3d e 3p
   371.00003   366.00003    -0.20000     1.00000     0.30000    26    30.0
LO MagPE 30.000KE/1  Ex=1486.599eV WF=4.000eV Ck=XL Det=MCD Ent=6x12mm Exit=4mm
2115
2353
2533
2713
3112
3657
4438
5721
7476
10243
13205
16307
18000
18119
15941
12067
8337
5504
3660
2806
2250
1836
1488
1369
1289
1262
   579.00006   567.00006    -0.50000     1.00000     0.30000    25    30.0
LO MagPE 30.000KE/1  Ex=1486.599eV WF=4.000eV Ck=XL Det=MCD Ent=6x12mm Exit=4mm
2748
2800
2896
2934
3204
3364
3551
3792
4393
5058
5759
6132
6056
5418
4631
3878
3293
3017
2693
2592
2442
2242
2228
2136
2080
