Ag(111) limpa 3d e 3p
   371.00003   366.00003    -0.20000     1.00000     0.30000    26    30.0
LO MagPE 30.000KE/1  Ex=1486.599eV WF=4.000eV Ck=XL Det=MCD Ent=6x12mm Exit=4mm
1679
1775
1919
2115
2496
2808
3394
4277
5719
7637
9925
12275
13645
13737
12323
9431
6464
4194
3056
2070
1813
1487
1262
1151
997
1028
   579.00006   567.00006    -0.50000     1.00000     0.30000    25    30.0
LO MagPE 30.000KE/1  Ex=1486.599eV WF=4.000eV Ck=XL Det=MCD Ent=6x12mm Exit=4mm
2380
2407
2475
2516
2666
2774
2996
3340
3634
4183
4568
5098
4920
4386
3918
3327
2903
2577
2454
2231
2151
2020
1935
2048
1863
