Ag(111) limpa 3d e 3p
   371.00003   366.00003    -0.20000     1.00000     0.30000    26    30.0
LO MagPE 30.000KE/1  Ex=1486.599eV WF=4.000eV Ck=XL Det=MCD Ent=6x12mm Exit=4mm
5582
5793
6545
6994
7944
9136
10950
13973
18346
24325
32025
38638
43038
43126
37876
29779
20542
13940
9546
7011
5709
4784
4199
3830
3644
3425
   579.00006   567.00006    -0.50000     1.00000     0.30000    25    30.0
LO MagPE 30.000KE/1  Ex=1486.599eV WF=4.000eV Ck=XL Det=MCD Ent=6x12mm Exit=4mm
7763
7788
8002
8326
8400
8977
9342
10182
11281
13085
14480
15445
15300
13823
11780
10212
9130
8168
7543
7265
6733
6501
6363
6245
6132
