Ag(111) limpa 3d e 3p
   371.00003   366.00003    -0.20000     1.00000     0.30000    26    30.0
LO MagPE 30.000KE/1  Ex=1486.599eV WF=4.000eV Ck=XL Det=MCD Ent=6x12mm Exit=4mm
5000
5280
5632
6189
6750
7803
9445
11728
15420
20415
26796
33316
37851
39100
35078
27504
19160
12802
8722
6450
5237
4405
3812
3507
3161
2962
   579.00006   567.00006    -0.50000     1.00000     0.30000    25    30.0
LO MagPE 30.000KE/1  Ex=1486.599eV WF=4.000eV Ck=XL Det=MCD Ent=6x12mm Exit=4mm
6457
6402
6711
6963
7107
7498
7919
8506
9539
10684
12090
12862
12866
11623
10065
8670
7417
6625
6175
5642
5512
5178
5046
4869
4668
