Ag(111) limpa 3d e 3p
   371.00003   366.00003    -0.20000     1.00000     0.30000    26    30.0
LO MagPE 30.000KE/1  Ex=1486.599eV WF=4.000eV Ck=XL Det=MCD Ent=6x12mm Exit=4mm
1469
1516
1635
1697
1808
2163
2538
3097
4020
5124
6730
8168
9141
9190
8174
6209
4334
2984
2173
1596
1326
1218
1084
1030
943
931
   579.00006   567.00006    -0.50000     1.00000     0.30000    25    30.0
LO MagPE 30.000KE/1  Ex=1486.599eV WF=4.000eV Ck=XL Det=MCD Ent=6x12mm Exit=4mm
2433
2355
2482
2503
2650
2594
2649
2899
3183
3409
3416
3538
3466
3134
2770
2411
2239
2057
1926
1818
1726
1746
1704
1674
1646
