Ag(111) limpa 3d e 3p
   371.00003   366.00003    -0.20000     1.00000     0.30000    26    30.0
LO MagPE 30.000KE/1  Ex=1486.599eV WF=4.000eV Ck=XL Det=MCD Ent=6x12mm Exit=4mm
1758
1957
2111
2294
2503
2955
3489
4620
5979
7968
10501
12757
14236
14076
12463
9450
6527
4511
3008
2202
1800
1453
1310
1193
1110
1033
   579.00006   567.00006    -0.50000     1.00000     0.30000    25    30.0
LO MagPE 30.000KE/1  Ex=1486.599eV WF=4.000eV Ck=XL Det=MCD Ent=6x12mm Exit=4mm
2412
2633
2574
2733
2804
2897
3088
3287
3688
4307
4854
4963
4893
4525
3830
3441
2970
2669
2524
2258
2213
1993
2060
2114
2037
