Ag(111) limpa 3d e 3p
   371.00003   366.00003    -0.20000     1.00000     0.30000    26    30.0
LO MagPE 30.000KE/1  Ex=1486.599eV WF=4.000eV Ck=XL Det=MCD Ent=6x12mm Exit=4mm
1880
1996
2313
2499
2727
3222
3807
4912
6519
8821
11211
14055
15911
15979
14145
11199
7667
5166
3449
2535
2038
1728
1393
1354
1161
1158
   579.00006   567.00006    -0.50000     1.00000     0.30000    25    30.0
LO MagPE 30.000KE/1  Ex=1486.599eV WF=4.000eV Ck=XL Det=MCD Ent=6x12mm Exit=4mm
2422
2416
2550
2729
2748
2820
3121
3386
3808
4132
4978
5109
5176
4640
3977
3374
2983
2494
2471
2372
2163
2128
1998
1913
1891
