Ag(111) limpa 3d e 3p
   371.00003   366.00003    -0.20000     1.00000     0.30000    26    30.0
LO MagPE 30.000KE/1  Ex=1486.599eV WF=4.000eV Ck=XL Det=MCD Ent=6x12mm Exit=4mm
5091
5426
5834
6347
7254
8207
9938
12395
16245
21966
28015
34140
38229
38345
34241
26414
18503
12526
8390
6353
5261
4289
3840
3468
3213
3127
   579.00006   567.00006    -0.50000     1.00000     0.30000    25    30.0
LO MagPE 30.000KE/1  Ex=1486.599eV WF=4.000eV Ck=XL Det=MCD Ent=6x12mm Exit=4mm
7581
7353
7796
8003
8311
8670
9159
10070
11130
12234
13896
14654
14716
13387
11447
10050
8863
7945
7466
7077
6589
6508
6362
6112
6176
