Ag(111) limpa 3d e 3p
   371.00003   366.00003    -0.20000     1.00000     0.30000    26    30.0
LO MagPE 30.000KE/1  Ex=1486.599eV WF=4.000eV Ck=XL Det=MCD Ent=6x12mm Exit=4mm
1917
2052
2206
2519
2725
3227
4161
5177
6665
8961
11793
14518
16365
16232
14330
11163
7672
5084
3427
2474
2087
1629
1453
1320
1183
1171
   579.00006   567.00006    -0.50000     1.00000     0.30000    25    30.0
LO MagPE 30.000KE/1  Ex=1486.599eV WF=4.000eV Ck=XL Det=MCD Ent=6x12mm Exit=4mm
2611
2692
2722
2847
2891
3100
3391
3609
4166
4634
5224
5796
5581
5167
4324
3767
3148
2796
2557
2449
2240
2198
2136
2113
2056
