Ag(111) limpa 3d e 3p
   371.00003   366.00003    -0.20000     1.00000     0.30000    26    30.0
LO MagPE 30.000KE/1  Ex=1486.599eV WF=4.000eV Ck=XL Det=MCD Ent=6x12mm Exit=4mm
2386
2376
2694
2899
3223
3547
4317
5402
7021
9341
12082
15098
17307
17188
15506
12056
8269
5569
3776
2974
2274
1998
1741
1539
1493
1410
   579.00006   567.00006    -0.50000     1.00000     0.30000    25    30.0
LO MagPE 30.000KE/1  Ex=1486.599eV WF=4.000eV Ck=XL Det=MCD Ent=6x12mm Exit=4mm
3119
3092
3276
3542
3655
3584
3879
4173
4593
5197
5825
5933
5802
5156
4468
3909
3373
3014
2817
2497
2463
2471
2269
2249
2148
