Ag(111) limpa 3d e 3p
   371.00003   366.00003    -0.20000     1.00000     0.30000    26    30.0
LO MagPE 30.000KE/1  Ex=1486.599eV WF=4.000eV Ck=XL Det=MCD Ent=6x12mm Exit=4mm
1892
2057
2202
2414
2751
3362
4112
5029
6719
9055
12047
14557
16371
16109
14165
10901
7384
4833
3318
2462
1954
1576
1402
1185
1084
1159
   579.00006   567.00006    -0.50000     1.00000     0.30000    25    30.0
LO MagPE 30.000KE/1  Ex=1486.599eV WF=4.000eV Ck=XL Det=MCD Ent=6x12mm Exit=4mm
2303
2472
2531
2567
2770
2836
2990
3400
4015
4550
5060
5456
5262
4838
4101
3510
2906
2616
2395
2093
2080
1911
1894
1714
1781
