Ag(111) limpa 3d e 3p
   371.00003   366.00003    -0.20000     1.00000     0.30000    26    30.0
LO MagPE 30.000KE/1  Ex=1486.599eV WF=4.000eV Ck=XL Det=MCD Ent=6x12mm Exit=4mm
6984
7289
7825
8707
9937
11313
13760
17587
22933
30857
40816
50305
57095
57707
51043
39492
27643
18031
12354
8892
7105
5904
5169
4697
4277
4133
   579.00006   567.00006    -0.50000     1.00000     0.30000    25    30.0
LO MagPE 30.000KE/1  Ex=1486.599eV WF=4.000eV Ck=XL Det=MCD Ent=6x12mm Exit=4mm
8393
8832
8950
9250
9912
10106
11060
12319
13916
15893
18150
19496
19562
17423
14673
12374
10721
9469
8411
7898
7398
7076
6679
6484
6352
