Ag(111) limpa 3d e 3p
   371.00003   366.00003    -0.20000     1.00000     0.30000    26    30.0
LO MagPE 30.000KE/1  Ex=1486.599eV WF=4.000eV Ck=XL Det=MCD Ent=6x12mm Exit=4mm
2090
2058
2215
2449
2695
3110
3654
4568
5856
7596
9935
12506
14227
14322
12524
9834
6788
4498
3097
2328
1923
1623
1516
1353
1240
1221
   579.00006   567.00006    -0.50000     1.00000     0.30000    25    30.0
LO MagPE 30.000KE/1  Ex=1486.599eV WF=4.000eV Ck=XL Det=MCD Ent=6x12mm Exit=4mm
2755
2904
2895
2986
3047
3150
3360
3626
4055
4379
4787
4949
4841
4402
3712
3123
2839
2599
2270
2223
2140
2026
1930
1902
1929
