Ag(111) limpa 3d e 3p
   371.00003   366.00003    -0.20000     1.00000     0.30000    26    30.0
LO MagPE 30.000KE/1  Ex=1486.599eV WF=4.000eV Ck=XL Det=MCD Ent=6x12mm Exit=4mm
5122
5487
5872
6467
7227
8452
10217
12718
16690
22033
28400
34868
39838
39835
35330
28047
19308
12996
8986
6587
5370
4454
3887
3639
3397
3200
   579.00006   567.00006    -0.50000     1.00000     0.30000    25    30.0
LO MagPE 30.000KE/1  Ex=1486.599eV WF=4.000eV Ck=XL Det=MCD Ent=6x12mm Exit=4mm
7460
7595
7676
8036
8261
8665
9330
10254
11529
12697
14177
15446
15096
13764
11837
9952
8931
7993
7337
6693
6666
6413
6153
6055
6019
