Ag(111) limpa 3d e 3p
   371.00003   366.00003    -0.20000     1.00000     0.30000    26    30.0
LO MagPE 30.000KE/1  Ex=1486.599eV WF=4.000eV Ck=XL Det=MCD Ent=6x12mm Exit=4mm
5239
5446
5747
6402
7102
8145
9799
12463
16242
21366
27875
34050
38696
38598
34007
26536
18455
12275
8631
6442
5134
4337
3877
3585
3252
3080
   579.00006   567.00006    -0.50000     1.00000     0.30000    25    30.0
LO MagPE 30.000KE/1  Ex=1486.599eV WF=4.000eV Ck=XL Det=MCD Ent=6x12mm Exit=4mm
7118
7277
7550
7750
7757
8315
8790
9328
10302
11688
13067
13866
13732
12541
11049
9420
8192
7467
6666
6442
6229
5985
5842
5716
5572
