Ag(111) limpa 3d e 3p
   371.00003   366.00003    -0.20000     1.00000     0.30000    26    30.0
LO MagPE 30.000KE/1  Ex=1486.599eV WF=4.000eV Ck=XL Det=MCD Ent=6x12mm Exit=4mm
5752
5923
6489
7034
7838
9040
11030
13675
18011
23862
31088
38541
44031
44653
39700
31585
21825
14544
9845
7376
5860
4960
4342
3972
3699
3533
   579.00006   567.00006    -0.50000     1.00000     0.30000    25    30.0
LO MagPE 30.000KE/1  Ex=1486.599eV WF=4.000eV Ck=XL Det=MCD Ent=6x12mm Exit=4mm
7549
7757
7859
8066
8522
8950
9300
10386
11327
12730
14538
15824
15546
14208
12316
10173
9110
8165
7421
6744
6445
6174
6207
6076
6005
