Ag(111) limpa 3d e 3p
   371.00003   366.00003    -0.20000     1.00000     0.30000    26    30.0
LO MagPE 30.000KE/1  Ex=1486.599eV WF=4.000eV Ck=XL Det=MCD Ent=6x12mm Exit=4mm
4638
4897
5168
5616
6107
6992
8444
10463
13574
18154
23576
29043
33442
33683
29764
23904
16669
11281
7842
5745
4731
3950
3568
3270
3000
2873
   579.00006   567.00006    -0.50000     1.00000     0.30000    25    30.0
LO MagPE 30.000KE/1  Ex=1486.599eV WF=4.000eV Ck=XL Det=MCD Ent=6x12mm Exit=4mm
6346
6641
6686
6865
6917
7350
7858
8152
9058
10204
11352
11842
11761
10845
9465
8350
7434
6737
6251
6000
5647
5440
5428
5211
5361
