Ag(111) limpa 3d e 3p
   371.00003   366.00003    -0.20000     1.00000     0.30000    26    30.0
LO MagPE 30.000KE/1  Ex=1486.599eV WF=4.000eV Ck=XL Det=MCD Ent=6x12mm Exit=4mm
1743
1832
1948
2115
2311
2576
3043
3543
4761
6151
7962
9805
11190
11647
10284
7880
5452
3719
2528
2084
1708
1443
1293
1233
1211
1062
   579.00006   567.00006    -0.50000     1.00000     0.30000    25    30.0
LO MagPE 30.000KE/1  Ex=1486.599eV WF=4.000eV Ck=XL Det=MCD Ent=6x12mm Exit=4mm
2886
2990
3041
3170
3370
3264
3430
3708
4009
4288
4542
4567
4277
3939
3548
3033
2674
2432
2348
2232
2097
2071
2010
1943
2033
