Ag(111) limpa 3d e 3p
   371.00003   366.00003    -0.20000     1.00000     0.30000    26    30.0
LO MagPE 30.000KE/1  Ex=1486.599eV WF=4.000eV Ck=XL Det=MCD Ent=6x12mm Exit=4mm
4882
5072
5321
5904
6495
7330
8809
10883
14474
18707
24567
30329
34328
34831
31248
24660
17307
11656
8071
6046
4869
4119
3642
3263
3162
2904
   579.00006   567.00006    -0.50000     1.00000     0.30000    25    30.0
LO MagPE 30.000KE/1  Ex=1486.599eV WF=4.000eV Ck=XL Det=MCD Ent=6x12mm Exit=4mm
6801
6988
7069
7259
7537
7756
8343
8852
9659
10685
12013
12715
12489
11595
10023
8872
7864
7108
6721
6256
6001
5911
5779
5690
5693
