Ag(111) limpa 3d e 3p
   371.00003   366.00003    -0.20000     1.00000     0.30000    26    30.0
LO MagPE 30.000KE/1  Ex=1486.599eV WF=4.000eV Ck=XL Det=MCD Ent=6x12mm Exit=4mm
1928
1983
2158
2414
2746
3064
3813
4820
6385
8692
11041
13857
15333
15387
13465
10456
7189
4767
3171
2427
1971
1576
1445
1287
1133
1056
   579.00006   567.00006    -0.50000     1.00000     0.30000    25    30.0
LO MagPE 30.000KE/1  Ex=1486.599eV WF=4.000eV Ck=XL Det=MCD Ent=6x12mm Exit=4mm
2471
2741
2786
2788
2937
3153
3338
3646
4100
4556
5190
5531
5595
4963
4178
3656
3237
2762
2582
2419
2361
2199
2112
2062
2091
