Ag(111) limpa 3d e 3p
   371.00003   366.00003    -0.20000     1.00000     0.30000    26    30.0
LO MagPE 30.000KE/1  Ex=1486.599eV WF=4.000eV Ck=XL Det=MCD Ent=6x12mm Exit=4mm
2087
2145
2321
2567
3045
3356
4236
5299
7116
9460
12169
14990
16741
16721
14640
11246
7828
5167
3446
2561
2110
1701
1450
1312
1222
1073
   579.00006   567.00006    -0.50000     1.00000     0.30000    25    30.0
LO MagPE 30.000KE/1  Ex=1486.599eV WF=4.000eV Ck=XL Det=MCD Ent=6x12mm Exit=4mm
2619
2664
2669
2892
2950
3104
3234
3653
4193
4891
5450
5797
5759
5238
4412
3687
3244
2936
2573
2393
2246
2232
2094
2024
1981
