Ag(111) limpa 3d e 3p
   371.00003   366.00003    -0.20000     1.00000     0.30000    26    30.0
LO MagPE 30.000KE/1  Ex=1486.599eV WF=4.000eV Ck=XL Det=MCD Ent=6x12mm Exit=4mm
3239
3421
3532
3808
4155
4706
5428
6669
8631
11437
14842
18568
21444
21699
19948
16057
11005
7351
5189
3887
3245
2669
2455
2214
2139
1977
   579.00006   567.00006    -0.50000     1.00000     0.30000    25    30.0
LO MagPE 30.000KE/1  Ex=1486.599eV WF=4.000eV Ck=XL Det=MCD Ent=6x12mm Exit=4mm
4620
4899
4865
5119
5158
5273
5454
5678
6345
6946
7582
7755
7502
7024
6234
5506
4929
4463
4224
3998
3929
3702
3672
3626
3604
