Ag(111) limpa 3d e 3p
   371.00003   366.00003    -0.20000     1.00000     0.30000    26    30.0
LO MagPE 30.000KE/1  Ex=1486.599eV WF=4.000eV Ck=XL Det=MCD Ent=6x12mm Exit=4mm
1952
2170
2331
2520
2914
3446
4187
5228
7057
9420
12216
14720
16396
16027
14011
10626
7350
4937
3408
2543
1971
1665
1491
1333
1184
1165
   579.00006   567.00006    -0.50000     1.00000     0.30000    25    30.0
LO MagPE 30.000KE/1  Ex=1486.599eV WF=4.000eV Ck=XL Det=MCD Ent=6x12mm Exit=4mm
2770
2772
2928
2972
3061
3239
3437
3877
4355
4857
5603
5912
5793
5330
4545
3775
3330
2855
2726
2429
2268
2190
2162
2110
2117
