Ag(111) limpa 3d e 3p
   371.00003   366.00003    -0.20000     1.00000     0.30000    26    30.0
LO MagPE 30.000KE/1  Ex=1486.599eV WF=4.000eV Ck=XL Det=MCD Ent=6x12mm Exit=4mm
4740
5023
5437
5853
6366
7439
8886
10821
14166
18808
24582
30365
34161
34386
30906
24321
17174
11406
8081
5946
4810
3927
3574
3123
3036
2878
   579.00006   567.00006    -0.50000     1.00000     0.30000    25    30.0
LO MagPE 30.000KE/1  Ex=1486.599eV WF=4.000eV Ck=XL Det=MCD Ent=6x12mm Exit=4mm
6644
6604
6874
7170
7466
7526
7865
8498
9458
10468
11285
12442
12323
11358
9803
8546
7632
6988
6404
6150
5885
5755
5465
5459
5343
