Ag(111) limpa 3d e 3p
   371.00003   366.00003    -0.20000     1.00000     0.30000    26    30.0
LO MagPE 30.000KE/1  Ex=1486.599eV WF=4.000eV Ck=XL Det=MCD Ent=6x12mm Exit=4mm
1993
2225
2500
2735
3186
3653
4437
5525
7496
9825
12855
15893
17995
17520
15511
12028
8261
5533
3628
2715
2166
1808
1488
1412
1201
1218
   579.00006   567.00006    -0.50000     1.00000     0.30000    25    30.0
LO MagPE 30.000KE/1  Ex=1486.599eV WF=4.000eV Ck=XL Det=MCD Ent=6x12mm Exit=4mm
2677
2759
2883
3033
3131
3305
3520
3773
4396
5015
5793
6038
6010
5522
4675
3803
3416
2992
2667
2541
2376
2255
2193
2077
2107
