Ag(111) limpa 3d e 3p
   371.00003   366.00003    -0.20000     1.00000     0.30000    26    30.0
LO MagPE 30.000KE/1  Ex=1486.599eV WF=4.000eV Ck=XL Det=MCD Ent=6x12mm Exit=4mm
5465
5805
6118
6589
7343
8681
10551
13043
17293
23098
29911
36624
41526
41567
36825
28452
19590
13316
9114
6857
5521
4620
4115
3712
3386
3315
   579.00006   567.00006    -0.50000     1.00000     0.30000    25    30.0
LO MagPE 30.000KE/1  Ex=1486.599eV WF=4.000eV Ck=XL Det=MCD Ent=6x12mm Exit=4mm
7250
7576
7487
7779
8239
8616
8997
9974
10962
12424
13954
14797
14671
13434
11361
9813
8577
7709
6993
6491
6225
6026
5887
5936
5592
