Ag(111) limpa 3d e 3p
   371.00003   366.00003    -0.20000     1.00000     0.30000    26    30.0
LO MagPE 30.000KE/1  Ex=1486.599eV WF=4.000eV Ck=XL Det=MCD Ent=6x12mm Exit=4mm
5877
6026
6424
7202
7974
9013
10913
13926
18022
23973
31392
39394
44865
45915
41448
32658
22957
15217
10269
7396
5982
5052
4407
3975
3781
3434
   579.00006   567.00006    -0.50000     1.00000     0.30000    25    30.0
LO MagPE 30.000KE/1  Ex=1486.599eV WF=4.000eV Ck=XL Det=MCD Ent=6x12mm Exit=4mm
7326
7592
7659
7870
8243
8566
9184
10110
11064
12864
14526
15197
15465
13917
11893
10067
8980
7812
7199
6579
6284
6125
5812
5830
5622
