Ag(111) limpa 3d e 3p
   371.00003   366.00003    -0.20000     1.00000     0.30000    26    30.0
LO MagPE 30.000KE/1  Ex=1486.599eV WF=4.000eV Ck=XL Det=MCD Ent=6x12mm Exit=4mm
4528
4686
4878
5382
5907
6683
8135
9854
12875
16554
22000
26925
31050
31853
29113
22887
16302
10638
7300
5577
4410
3823
3530
3043
2790
2662
   579.00006   567.00006    -0.50000     1.00000     0.30000    25    30.0
LO MagPE 30.000KE/1  Ex=1486.599eV WF=4.000eV Ck=XL Det=MCD Ent=6x12mm Exit=4mm
6200
6398
6349
6877
6886
7245
7405
7836
9011
9911
11059
11785
11674
10700
9489
7967
7080
6409
6028
5600
5392
5076
5175
5032
4831
