Ag(111) limpa 3d e 3p
   371.00003   366.00003    -0.20000     1.00000     0.30000    26    30.0
LO MagPE 30.000KE/1  Ex=1486.599eV WF=4.000eV Ck=XL Det=MCD Ent=6x12mm Exit=4mm
5557
5968
6344
6869
7869
8797
10711
13626
17887
23364
30613
38184
42993
43471
38905
30339
21320
14099
9672
7308
5588
4870
4162
3907
3518
3337
   579.00006   567.00006    -0.50000     1.00000     0.30000    25    30.0
LO MagPE 30.000KE/1  Ex=1486.599eV WF=4.000eV Ck=XL Det=MCD Ent=6x12mm Exit=4mm
7684
7863
8157
8359
8473
8858
9442
10233
11582
13133
14554
15446
15306
14236
12329
10545
9198
8261
7763
7132
6797
6704
6295
6220
6218
