Ag(111) limpa 3d e 3p
   371.00003   366.00003    -0.20000     1.00000     0.30000    26    30.0
LO MagPE 30.000KE/1  Ex=1486.599eV WF=4.000eV Ck=XL Det=MCD Ent=6x12mm Exit=4mm
1751
1853
1975
2149
2426
2823
3406
4360
5695
7430
9785
12091
13331
13615
11970
9340
6404
4308
3025
2139
1791
1456
1307
1156
1115
1034
   579.00006   567.00006    -0.50000     1.00000     0.30000    25    30.0
LO MagPE 30.000KE/1  Ex=1486.599eV WF=4.000eV Ck=XL Det=MCD Ent=6x12mm Exit=4mm
2317
2460
2514
2581
2629
2830
2896
3223
3525
4033
4388
4876
4619
4243
3682
3210
2870
2497
2447
2150
2087
2057
2053
2036
1954
