Ag(111) limpa 3d e 3p
   371.00003   366.00003    -0.20000     1.00000     0.30000    26    30.0
LO MagPE 30.000KE/1  Ex=1486.599eV WF=4.000eV Ck=XL Det=MCD Ent=6x12mm Exit=4mm
4309
4513
4724
5119
5686
6619
7776
10044
12486
16737
21981
26802
30916
31801
28234
22302
15768
10241
7093
5269
4226
3643
3075
2846
2653
2575
   579.00006   567.00006    -0.50000     1.00000     0.30000    25    30.0
LO MagPE 30.000KE/1  Ex=1486.599eV WF=4.000eV Ck=XL Det=MCD Ent=6x12mm Exit=4mm
5742
5843
6121
6248
6359
6594
7055
7612
8471
9546
10499
11415
11202
10189
8876
7570
6646
5823
5338
5047
4783
4492
4536
4323
4360
