Ag(111) limpa 3d e 3p
   371.00003   366.00003    -0.20000     1.00000     0.30000    26    30.0
LO MagPE 30.000KE/1  Ex=1486.599eV WF=4.000eV Ck=XL Det=MCD Ent=6x12mm Exit=4mm
5173
5297
5849
6212
7086
8242
9877
12380
16249
21669
27703
34377
38194
37963
33465
26131
18284
12343
8496
6172
5134
4301
3925
3452
3243
3102
   579.00006   567.00006    -0.50000     1.00000     0.30000    25    30.0
LO MagPE 30.000KE/1  Ex=1486.599eV WF=4.000eV Ck=XL Det=MCD Ent=6x12mm Exit=4mm
7579
7468
7818
7908
8265
8728
9204
9775
11024
12221
13520
14367
14245
13108
11308
9762
8652
7823
7384
6905
6633
6523
6350
6162
6063
