Ag(111) limpa 3d e 3p
   371.00003   366.00003    -0.20000     1.00000     0.30000    26    30.0
LO MagPE 30.000KE/1  Ex=1486.599eV WF=4.000eV Ck=XL Det=MCD Ent=6x12mm Exit=4mm
2054
2261
2436
2570
2972
3585
4426
5488
7262
9910
13012
16061
17895
17612
15361
11829
7968
5327
3628
2657
2069
1729
1566
1400
1271
1152
   579.00006   567.00006    -0.50000     1.00000     0.30000    25    30.0
LO MagPE 30.000KE/1  Ex=1486.599eV WF=4.000eV Ck=XL Det=MCD Ent=6x12mm Exit=4mm
2529
2640
2676
2774
2956
3135
3248
3626
4174
4833
5383
5716
5544
5132
4478
3661
3140
2927
2616
2505
2296
2162
2206
2090
2060
