Ag(111) limpa 3d e 3p
   371.00003   366.00003    -0.20000     1.00000     0.30000    26    30.0
LO MagPE 30.000KE/1  Ex=1486.599eV WF=4.000eV Ck=XL Det=MCD Ent=6x12mm Exit=4mm
4690
5017
5158
5611
6277
7408
8909
11077
14354
19063
25158
30826
35618
35815
32092
24784
16949
11306
7752
5619
4641
3941
3308
3147
2886
2801
   579.00006   567.00006    -0.50000     1.00000     0.30000    25    30.0
LO MagPE 30.000KE/1  Ex=1486.599eV WF=4.000eV Ck=XL Det=MCD Ent=6x12mm Exit=4mm
5677
5864
5897
6126
6398
6616
6956
7631
8639
9815
10993
11901
11704
10575
8774
7558
6465
5772
5302
4925
4686
4340
4299
4197
4002
