Ag(111) limpa 3d e 3p
   371.00003   366.00003    -0.20000     1.00000     0.30000    26    30.0
LO MagPE 30.000KE/1  Ex=1486.599eV WF=4.000eV Ck=XL Det=MCD Ent=6x12mm Exit=4mm
4160
4310
4342
4876
5287
5989
7018
8541
11088
14870
19332
23753
27597
28148
25716
20594
14321
9492
6511
4900
3975
3341
2952
2759
2690
2432
   579.00006   567.00006    -0.50000     1.00000     0.30000    25    30.0
LO MagPE 30.000KE/1  Ex=1486.599eV WF=4.000eV Ck=XL Det=MCD Ent=6x12mm Exit=4mm
5705
5691
5876
6004
6090
6562
6743
7474
8432
9371
9854
10303
10230
9322
7826
7031
6072
5367
5082
4720
4489
4402
4431
4200
4277
