Ag(111) limpa 3d e 3p
   371.00003   366.00003    -0.20000     1.00000     0.30000    26    30.0
LO MagPE 30.000KE/1  Ex=1486.599eV WF=4.000eV Ck=XL Det=MCD Ent=6x12mm Exit=4mm
5580
5764
6245
6811
7480
8742
10419
13212
17341
22767
29648
36876
41429
42138
37416
29252
20732
13884
9461
6965
5546
4611
4214
3816
3471
3404
   579.00006   567.00006    -0.50000     1.00000     0.30000    25    30.0
LO MagPE 30.000KE/1  Ex=1486.599eV WF=4.000eV Ck=XL Det=MCD Ent=6x12mm Exit=4mm
7408
7404
7623
7877
8324
8389
9080
9852
11138
12780
14069
15076
14778
13596
11496
9866
8765
7704
7186
6732
6359
6209
6041
5953
5866
