Ag(111) limpa 3d e 3p
   371.00003   366.00003    -0.20000     1.00000     0.30000    26    30.0
LO MagPE 30.000KE/1  Ex=1486.599eV WF=4.000eV Ck=XL Det=MCD Ent=6x12mm Exit=4mm
7200
7835
8356
9102
10491
11907
14724
18581
24466
32761
42982
53344
59600
59508
52450
40868
28061
18489
12531
9160
7557
6174
5400
4769
4444
4210
   579.00006   567.00006    -0.50000     1.00000     0.30000    25    30.0
LO MagPE 30.000KE/1  Ex=1486.599eV WF=4.000eV Ck=XL Det=MCD Ent=6x12mm Exit=4mm
8288
8496
8771
9228
9462
9831
10826
11750
13530
15911
17609
19019
18726
16776
14166
11842
10224
8944
8123
7421
6996
6556
6619
6411
6144
