Ag(111) limpa 3d e 3p
   371.00003   366.00003    -0.20000     1.00000     0.30000    26    30.0
LO MagPE 30.000KE/1  Ex=1486.599eV WF=4.000eV Ck=XL Det=MCD Ent=6x12mm Exit=4mm
1684
1851
1839
2079
2401
2896
3560
4529
5984
7882
10198
12645
13975
13684
12030
9113
6382
4303
2904
2083
1744
1420
1201
1049
1018
1010
   579.00006   567.00006    -0.50000     1.00000     0.30000    25    30.0
LO MagPE 30.000KE/1  Ex=1486.599eV WF=4.000eV Ck=XL Det=MCD Ent=6x12mm Exit=4mm
2360
2376
2440
2504
2672
2725
2900
3132
3706
4180
4640
5009
4902
4370
3820
3169
2811
2586
2275
2086
2046
1928
1906
1858
1872
