Ag(111) limpa 3d e 3p
   371.00003   366.00003    -0.20000     1.00000     0.30000    26    30.0
LO MagPE 30.000KE/1  Ex=1486.599eV WF=4.000eV Ck=XL Det=MCD Ent=6x12mm Exit=4mm
1899
2025
2158
2284
2743
3209
3789
4863
6281
8568
11044
13722
15407
15503
13458
10552
7155
4723
3225
2437
1898
1645
1395
1225
1100
1088
   579.00006   567.00006    -0.50000     1.00000     0.30000    25    30.0
LO MagPE 30.000KE/1  Ex=1486.599eV WF=4.000eV Ck=XL Det=MCD Ent=6x12mm Exit=4mm
2523
2545
2634
2720
2772
3002
3149
3342
4003
4515
4983
5282
5264
4769
4111
3516
3033
2751
2437
2324
2205
2171
2092
2064
2040
