Ag(111) limpa 3d e 3p
   371.00003   366.00003    -0.20000     1.00000     0.30000    26    30.0
LO MagPE 30.000KE/1  Ex=1486.599eV WF=4.000eV Ck=XL Det=MCD Ent=6x12mm Exit=4mm
5076
5168
5600
5963
6914
7789
9158
11710
15352
20221
26386
32295
36602
37082
33234
25969
18110
12084
8578
6271
5110
4268
3710
3360
3121
3164
   579.00006   567.00006    -0.50000     1.00000     0.30000    25    30.0
LO MagPE 30.000KE/1  Ex=1486.599eV WF=4.000eV Ck=XL Det=MCD Ent=6x12mm Exit=4mm
6857
7018
7138
7273
7620
7880
8139
8766
9807
10921
11954
12753
12772
11717
10078
8832
7917
7066
6647
6281
5913
5869
5705
5594
5605
