Ag(111) limpa 3d e 3p
   371.00003   366.00003    -0.20000     1.00000     0.30000    26    30.0
LO MagPE 30.000KE/1  Ex=1486.599eV WF=4.000eV Ck=XL Det=MCD Ent=6x12mm Exit=4mm
1562
1574
1665
1760
1957
2294
2605
3180
4148
5246
7092
8631
9880
9802
8714
6704
4617
3096
2199
1616
1410
1298
1054
999
911
927
   579.00006   567.00006    -0.50000     1.00000     0.30000    25    30.0
LO MagPE 30.000KE/1  Ex=1486.599eV WF=4.000eV Ck=XL Det=MCD Ent=6x12mm Exit=4mm
2263
2478
2394
2541
2512
2679
2725
2872
3287
3490
3616
3737
3566
3285
2932
2537
2259
2138
1956
1802
1793
1698
1727
1675
1614
