Ag(111) limpa 3d e 3p
   371.00003   366.00003    -0.20000     1.00000     0.30000    26    30.0
LO MagPE 30.000KE/1  Ex=1486.599eV WF=4.000eV Ck=XL Det=MCD Ent=6x12mm Exit=4mm
5838
6060
6592
7040
7944
9313
10919
13911
18107
24166
31924
39129
44703
45464
41001
32212
22188
14908
10317
7558
5905
4900
4326
3976
3674
3441
   579.00006   567.00006    -0.50000     1.00000     0.30000    25    30.0
LO MagPE 30.000KE/1  Ex=1486.599eV WF=4.000eV Ck=XL Det=MCD Ent=6x12mm Exit=4mm
7352
7558
7659
7920
8359
8733
9064
10139
11536
12994
14445
15610
15439
14078
11897
10237
9001
7817
7060
6699
6438
6161
6117
5650
5745
