Ag(111) limpa 3d e 3p
   371.00003   366.00003    -0.20000     1.00000     0.30000    26    30.0
LO MagPE 30.000KE/1  Ex=1486.599eV WF=4.000eV Ck=XL Det=MCD Ent=6x12mm Exit=4mm
4120
4237
4690
4895
5428
6372
7449
9256
12112
15707
20750
25748
29525
30291
27122
21394
14770
9657
6727
4911
3991
3374
3031
2743
2543
2409
   579.00006   567.00006    -0.50000     1.00000     0.30000    25    30.0
LO MagPE 30.000KE/1  Ex=1486.599eV WF=4.000eV Ck=XL Det=MCD Ent=6x12mm Exit=4mm
5161
5209
5471
5454
5783
6032
6172
6829
7580
8600
9254
9593
9357
8557
7461
6364
5404
4850
4362
4191
4108
3801
3803
3527
3613
