Ag(111) limpa 3d e 3p
   371.00003   366.00003    -0.20000     1.00000     0.30000    26    30.0
LO MagPE 30.000KE/1  Ex=1486.599eV WF=4.000eV Ck=XL Det=MCD Ent=6x12mm Exit=4mm
1687
1795
1821
2189
2435
2747
3378
4205
5595
7265
9619
11936
13313
13493
11852
9246
6574
4228
2894
2106
1717
1442
1287
1044
1027
1045
   579.00006   567.00006    -0.50000     1.00000     0.30000    25    30.0
LO MagPE 30.000KE/1  Ex=1486.599eV WF=4.000eV Ck=XL Det=MCD Ent=6x12mm Exit=4mm
2367
2376
2452
2579
2919
2781
3116
3242
3653
4128
4679
5194
4963
4469
3803
3383
2936
2522
2385
2312
2157
2064
1935
1951
1935
