Ag(111) limpa 3d e 3p
   371.00003   366.00003    -0.20000     1.00000     0.30000    26    30.0
LO MagPE 30.000KE/1  Ex=1486.599eV WF=4.000eV Ck=XL Det=MCD Ent=6x12mm Exit=4mm
3819
4061
4360
4817
5385
6055
7071
8632
11192
14800
19199
23868
27731
28405
25545
20559
14274
9697
6653
5060
4001
3397
2913
2723
2602
2556
   579.00006   567.00006    -0.50000     1.00000     0.30000    25    30.0
LO MagPE 30.000KE/1  Ex=1486.599eV WF=4.000eV Ck=XL Det=MCD Ent=6x12mm Exit=4mm
5631
5711
5909
5870
6188
6281
6640
7207
7860
8840
9634
10007
9764
8930
7776
6860
6067
5661
5317
4898
4797
4446
4611
4389
4411
