Ag(111) limpa 3d e 3p
   371.00003   366.00003    -0.20000     1.00000     0.30000    26    30.0
LO MagPE 30.000KE/1  Ex=1486.599eV WF=4.000eV Ck=XL Det=MCD Ent=6x12mm Exit=4mm
1696
1808
1874
1987
2176
2471
3020
3666
4865
6212
8290
10185
11333
11439
10263
7855
5294
3484
2530
1842
1579
1355
1245
1095
1050
1002
   579.00006   567.00006    -0.50000     1.00000     0.30000    25    30.0
LO MagPE 30.000KE/1  Ex=1486.599eV WF=4.000eV Ck=XL Det=MCD Ent=6x12mm Exit=4mm
2395
2478
2549
2589
2596
2687
2804
2957
3317
3616
3945
3975
3872
3564
3023
2687
2454
2134
1944
1845
1794
1771
1745
1768
1655
