Ag(111) limpa 3d e 3p
   371.00003   366.00003    -0.20000     1.00000     0.30000    26    30.0
LO MagPE 30.000KE/1  Ex=1486.599eV WF=4.000eV Ck=XL Det=MCD Ent=6x12mm Exit=4mm
4253
4406
4693
5129
5663
6578
7744
9541
12354
16415
21568
26477
30671
31028
27739
22035
15343
10129
7017
5418
4293
3630
3209
2837
2763
2581
   579.00006   567.00006    -0.50000     1.00000     0.30000    25    30.0
LO MagPE 30.000KE/1  Ex=1486.599eV WF=4.000eV Ck=XL Det=MCD Ent=6x12mm Exit=4mm
5682
6032
6029
6251
6290
6887
7146
7610
8629
9762
10466
11057
10897
9817
8651
7368
6613
5839
5442
5174
4860
4727
4606
4561
4560
