Ag(111) limpa 3d e 3p
   371.00003   366.00003    -0.20000     1.00000     0.30000    26    30.0
LO MagPE 30.000KE/1  Ex=1486.599eV WF=4.000eV Ck=XL Det=MCD Ent=6x12mm Exit=4mm
1754
1904
2042
2311
2662
3030
3736
4766
6190
8226
10911
13227
14397
14083
12474
9694
6767
4486
3068
2272
1811
1482
1292
1216
1119
1063
   579.00006   567.00006    -0.50000     1.00000     0.30000    25    30.0
LO MagPE 30.000KE/1  Ex=1486.599eV WF=4.000eV Ck=XL Det=MCD Ent=6x12mm Exit=4mm
2598
2728
2816
2797
2785
2991
3196
3511
3915
4581
5023
5233
5090
4868
4097
3500
2943
2746
2541
2369
2340
2239
2061
2116
2038
