Ag(111) limpa 3d e 3p
   371.00003   366.00003    -0.20000     1.00000     0.30000    26    30.0
LO MagPE 30.000KE/1  Ex=1486.599eV WF=4.000eV Ck=XL Det=MCD Ent=6x12mm Exit=4mm
4893
5039
5445
5951
6622
7572
8896
11226
14582
19191
24865
31430
36031
36599
32982
26176
18399
12037
8258
6174
4969
4161
3750
3409
3103
3012
   579.00006   567.00006    -0.50000     1.00000     0.30000    25    30.0
LO MagPE 30.000KE/1  Ex=1486.599eV WF=4.000eV Ck=XL Det=MCD Ent=6x12mm Exit=4mm
6657
6922
6948
7096
7315
7684
8144
8814
9871
10979
11979
13177
13061
11604
10311
8840
7690
6985
6485
5809
5943
5655
5546
5420
5232
