Ag(111) limpa 3d e 3p
   371.00003   366.00003    -0.20000     1.00000     0.30000    26    30.0
LO MagPE 30.000KE/1  Ex=1486.599eV WF=4.000eV Ck=XL Det=MCD Ent=6x12mm Exit=4mm
4911
5159
5544
6080
6851
7659
9296
11444
15218
19788
25824
31854
35518
35648
31824
25093
17516
11533
8081
5983
4909
4026
3669
3410
3155
2928
   579.00006   567.00006    -0.50000     1.00000     0.30000    25    30.0
LO MagPE 30.000KE/1  Ex=1486.599eV WF=4.000eV Ck=XL Det=MCD Ent=6x12mm Exit=4mm
7164
7245
7438
7534
8017
8460
8929
9777
10893
12161
13699
14422
14196
13081
11288
9671
8378
7453
7033
6491
6232
6069
5717
5703
5456
