Ag(111) limpa 3d e 3p
   371.00003   366.00003    -0.20000     1.00000     0.30000    26    30.0
LO MagPE 30.000KE/1  Ex=1486.599eV WF=4.000eV Ck=XL Det=MCD Ent=6x12mm Exit=4mm
4982
5195
5521
6093
6724
7528
9237
11524
14680
19305
25338
31491
35833
36435
33011
26057
18134
12169
8427
6204
5037
4242
3831
3319
3176
3025
   579.00006   567.00006    -0.50000     1.00000     0.30000    25    30.0
LO MagPE 30.000KE/1  Ex=1486.599eV WF=4.000eV Ck=XL Det=MCD Ent=6x12mm Exit=4mm
6636
6802
6937
6935
7370
7682
8211
8866
9938
11208
12366
13001
12914
11693
10130
8834
7642
6936
6436
5984
5760
5588
5495
5305
5192
