Ag(111) limpa 3d e 3p
   371.00003   366.00003    -0.20000     1.00000     0.30000    26    30.0
LO MagPE 30.000KE/1  Ex=1486.599eV WF=4.000eV Ck=XL Det=MCD Ent=6x12mm Exit=4mm
5957
6219
6862
7367
8457
9925
11711
14819
19627
26048
33988
42012
46666
47273
41800
32104
22247
14758
10155
7660
5966
5051
4418
3993
3636
3621
   579.00006   567.00006    -0.50000     1.00000     0.30000    25    30.0
LO MagPE 30.000KE/1  Ex=1486.599eV WF=4.000eV Ck=XL Det=MCD Ent=6x12mm Exit=4mm
7896
7995
8269
8499
8809
9302
9847
10761
12299
13990
15632
16904
16328
14859
12813
10951
9488
8454
7707
7236
6853
6644
6433
6355
6161
