Ag(111) limpa 3d e 3p
   371.00003   366.00003    -0.20000     1.00000     0.30000    26    30.0
LO MagPE 30.000KE/1  Ex=1486.599eV WF=4.000eV Ck=XL Det=MCD Ent=6x12mm Exit=4mm
1625
1728
1743
1815
2028
2401
2798
3401
4432
5876
7921
9563
10909
10942
9384
7249
5062
3335
2264
1861
1557
1218
1072
1058
981
936
   579.00006   567.00006    -0.50000     1.00000     0.30000    25    30.0
LO MagPE 30.000KE/1  Ex=1486.599eV WF=4.000eV Ck=XL Det=MCD Ent=6x12mm Exit=4mm
2297
2441
2482
2558
2572
2648
2769
2938
3221
3688
3732
3913
3792
3464
2897
2447
2272
2061
1981
1788
1727
1734
1734
1645
1635
