Ag(111) limpa 3d e 3p
   371.00003   366.00003    -0.20000     1.00000     0.30000    26    30.0
LO MagPE 30.000KE/1  Ex=1486.599eV WF=4.000eV Ck=XL Det=MCD Ent=6x12mm Exit=4mm
2159
2296
2536
2691
2825
3424
3930
4972
6389
8414
10925
13479
15037
15381
13829
10740
7437
4889
3472
2649
2160
1794
1617
1460
1377
1285
   579.00006   567.00006    -0.50000     1.00000     0.30000    25    30.0
LO MagPE 30.000KE/1  Ex=1486.599eV WF=4.000eV Ck=XL Det=MCD Ent=6x12mm Exit=4mm
3306
3323
3451
3566
3644
3777
3846
4217
4575
5175
5391
5795
5494
4873
4336
3658
3154
2959
2797
2592
2503
2493
2364
2313
2252
