Ag(111) limpa 3d e 3p
   371.00003   366.00003    -0.20000     1.00000     0.30000    26    30.0
LO MagPE 30.000KE/1  Ex=1486.599eV WF=4.000eV Ck=XL Det=MCD Ent=6x12mm Exit=4mm
5254
5506
5957
6365
7082
8309
9793
12208
15907
21160
27949
35071
40630
42021
37909
29689
21048
13948
9272
6802
5578
4524
3956
3598
3297
3245
   579.00006   567.00006    -0.50000     1.00000     0.30000    25    30.0
LO MagPE 30.000KE/1  Ex=1486.599eV WF=4.000eV Ck=XL Det=MCD Ent=6x12mm Exit=4mm
6724
6807
6930
7275
7332
7885
8277
8967
10296
11909
13358
14622
14319
12963
11377
9342
8008
7020
6361
5904
5561
5516
5221
5168
4890
