Ag(111) limpa 3d e 3p
   371.00003   366.00003    -0.20000     1.00000     0.30000    26    30.0
LO MagPE 30.000KE/1  Ex=1486.599eV WF=4.000eV Ck=XL Det=MCD Ent=6x12mm Exit=4mm
2023
2143
2266
2369
2610
2986
3428
4203
5505
7116
9173
11441
13101
13440
11853
9293
6456
4370
3093
2219
1934
1626
1474
1388
1345
1293
   579.00006   567.00006    -0.50000     1.00000     0.30000    25    30.0
LO MagPE 30.000KE/1  Ex=1486.599eV WF=4.000eV Ck=XL Det=MCD Ent=6x12mm Exit=4mm
3165
3329
3442
3536
3619
3612
3890
4241
4570
5074
5161
5410
5174
4670
4054
3509
3114
2796
2669
2625
2378
2444
2239
2275
2209
