Ag(111) limpa 3d e 3p
   371.00003   366.00003    -0.20000     1.00000     0.30000    26    30.0
LO MagPE 30.000KE/1  Ex=1486.599eV WF=4.000eV Ck=XL Det=MCD Ent=6x12mm Exit=4mm
1551
1641
1706
1965
2178
2622
3078
4053
5313
6983
9195
11142
12327
12369
10906
8444
5798
3776
2567
1886
1468
1300
1139
938
950
939
   579.00006   567.00006    -0.50000     1.00000     0.30000    25    30.0
LO MagPE 30.000KE/1  Ex=1486.599eV WF=4.000eV Ck=XL Det=MCD Ent=6x12mm Exit=4mm
2078
2139
2194
2194
2411
2468
2657
2870
3209
3611
4019
4310
4197
3854
3257
2853
2560
2292
2102
1952
1920
1750
1754
1803
1674
