Ag(111) limpa 3d e 3p
   371.00003   366.00003    -0.20000     1.00000     0.30000    26    30.0
LO MagPE 30.000KE/1  Ex=1486.599eV WF=4.000eV Ck=XL Det=MCD Ent=6x12mm Exit=4mm
4007
4259
4696
4822
5343
6274
7355
9171
12007
15857
20959
26120
29500
30266
27201
20982
14437
9638
6390
4825
4041
3374
3003
2728
2438
2383
   579.00006   567.00006    -0.50000     1.00000     0.30000    25    30.0
LO MagPE 30.000KE/1  Ex=1486.599eV WF=4.000eV Ck=XL Det=MCD Ent=6x12mm Exit=4mm
5157
5289
5319
5643
5729
6054
6376
7055
7967
8849
9910
10497
10171
9128
7853
6785
5870
5222
4625
4430
4214
3973
3946
3696
3699
