Ag(111) limpa 3d e 3p
   371.00003   366.00003    -0.20000     1.00000     0.30000    26    30.0
LO MagPE 30.000KE/1  Ex=1486.599eV WF=4.000eV Ck=XL Det=MCD Ent=6x12mm Exit=4mm
6365
6656
7225
8054
8840
10486
12550
16267
21169
28301
36649
44423
50498
50323
44099
33825
23248
15604
10803
7844
6393
5360
4666
4166
3937
3734
   579.00006   567.00006    -0.50000     1.00000     0.30000    25    30.0
LO MagPE 30.000KE/1  Ex=1486.599eV WF=4.000eV Ck=XL Det=MCD Ent=6x12mm Exit=4mm
8166
8260
8449
8826
9170
9602
10254
11370
12845
14696
16266
17602
17236
15903
13154
11374
9847
8736
8074
7392
7078
6794
6445
6418
6280
