Ag(111) limpa 3d e 3p
   371.00003   366.00003    -0.20000     1.00000     0.30000    26    30.0
LO MagPE 30.000KE/1  Ex=1486.599eV WF=4.000eV Ck=XL Det=MCD Ent=6x12mm Exit=4mm
2040
2144
2216
2544
2912
3392
4160
5319
7156
9457
12485
15139
16630
16861
14505
11073
7395
4787
3359
2463
1975
1648
1446
1315
1134
1108
   579.00006   567.00006    -0.50000     1.00000     0.30000    25    30.0
LO MagPE 30.000KE/1  Ex=1486.599eV WF=4.000eV Ck=XL Det=MCD Ent=6x12mm Exit=4mm
2621
2665
2804
2789
2961
3118
3422
3740
4149
4880
5464
5987
5741
5163
4469
3752
3241
2799
2541
2301
2253
2088
2129
2067
2007
