Ag(111) limpa 3d e 3p
   371.00003   366.00003    -0.20000     1.00000     0.30000    26    30.0
LO MagPE 30.000KE/1  Ex=1486.599eV WF=4.000eV Ck=XL Det=MCD Ent=6x12mm Exit=4mm
6575
6831
7517
8132
9293
10665
12722
16200
20991
28100
37232
45760
52514
53297
47655
37777
26146
17171
11917
8523
6689
5635
4888
4424
4071
3838
   579.00006   567.00006    -0.50000     1.00000     0.30000    25    30.0
LO MagPE 30.000KE/1  Ex=1486.599eV WF=4.000eV Ck=XL Det=MCD Ent=6x12mm Exit=4mm
7684
7881
8285
8575
8833
9430
10159
11115
12506
14681
16498
17828
17583
15743
13106
11288
9666
8411
7717
7096
6583
6373
6157
6030
5724
