Ag(111) limpa 3d e 3p
   371.00003   366.00003    -0.20000     1.00000     0.30000    26    30.0
LO MagPE 30.000KE/1  Ex=1486.599eV WF=4.000eV Ck=XL Det=MCD Ent=6x12mm Exit=4mm
5987
6264
6623
7416
8323
9514
11521
14716
18880
25382
33324
40952
46704
47315
42065
33192
22959
15014
10299
7714
6185
5261
4565
3969
3760
3596
   579.00006   567.00006    -0.50000     1.00000     0.30000    25    30.0
LO MagPE 30.000KE/1  Ex=1486.599eV WF=4.000eV Ck=XL Det=MCD Ent=6x12mm Exit=4mm
7814
7908
8219
8506
8698
9273
9604
10565
11792
13553
15033
16121
15944
14470
12712
10556
9456
8423
7693
7354
6790
6657
6278
6329
6364
