Ag(111) limpa 3d e 3p
   371.00003   366.00003    -0.20000     1.00000     0.30000    26    30.0
LO MagPE 30.000KE/1  Ex=1486.599eV WF=4.000eV Ck=XL Det=MCD Ent=6x12mm Exit=4mm
1925
2095
2191
2474
2884
3210
3971
5060
6602
8992
11850
14487
16166
16025
14394
10973
7636
5147
3395
2547
2011
1680
1419
1245
1195
1157
   579.00006   567.00006    -0.50000     1.00000     0.30000    25    30.0
LO MagPE 30.000KE/1  Ex=1486.599eV WF=4.000eV Ck=XL Det=MCD Ent=6x12mm Exit=4mm
2461
2597
2669
2699
2817
3010
3194
3520
3821
4436
5016
5411
5162
4889
4198
3455
3004
2805
2471
2383
2143
2112
1996
2036
1975
