Ag(111) limpa 3d e 3p
   371.00003   366.00003    -0.20000     1.00000     0.30000    26    30.0
LO MagPE 30.000KE/1  Ex=1486.599eV WF=4.000eV Ck=XL Det=MCD Ent=6x12mm Exit=4mm
4264
4524
4880
5185
5830
6530
7675
9689
12728
16783
22046
27474
31784
32419
29660
23185
16340
10806
7314
5435
4403
3729
3185
3017
2731
2600
   579.00006   567.00006    -0.50000     1.00000     0.30000    25    30.0
LO MagPE 30.000KE/1  Ex=1486.599eV WF=4.000eV Ck=XL Det=MCD Ent=6x12mm Exit=4mm
5503
5588
5697
6084
6093
6368
6683
7195
8055
9032
9789
10517
10335
9226
7998
6874
5997
5475
4848
4562
4362
4184
4101
4138
4065
