Ag(111) limpa 3d e 3p
   371.00003   366.00003    -0.20000     1.00000     0.30000    26    30.0
LO MagPE 30.000KE/1  Ex=1486.599eV WF=4.000eV Ck=XL Det=MCD Ent=6x12mm Exit=4mm
6704
6924
7816
8421
9447
11222
13484
16880
22422
29817
38772
48554
55222
55501
49638
38295
26611
17571
12118
8820
6898
5896
5093
4675
4202
3915
   579.00006   567.00006    -0.50000     1.00000     0.30000    25    30.0
LO MagPE 30.000KE/1  Ex=1486.599eV WF=4.000eV Ck=XL Det=MCD Ent=6x12mm Exit=4mm
8249
8693
8689
9094
9562
9983
10845
12082
13713
15842
17981
19315
18903
17010
14489
12196
10540
9031
8220
7547
7336
6926
6650
6578
6360
