Ag(111) limpa 3d e 3p
   371.00003   366.00003    -0.20000     1.00000     0.30000    26    30.0
LO MagPE 30.000KE/1  Ex=1486.599eV WF=4.000eV Ck=XL Det=MCD Ent=6x12mm Exit=4mm
1702
1811
1849
2024
2146
2564
3129
3669
4752
6389
8468
10340
11817
11822
10331
7956
5392
3480
2540
1927
1561
1309
1233
1061
1070
1008
   579.00006   567.00006    -0.50000     1.00000     0.30000    25    30.0
LO MagPE 30.000KE/1  Ex=1486.599eV WF=4.000eV Ck=XL Det=MCD Ent=6x12mm Exit=4mm
2288
2470
2435
2547
2635
2682
2790
2978
3298
3641
3811
3911
3841
3549
3030
2601
2306
2131
1894
1923
1870
1788
1682
1745
1662
