Ag(111) limpa 3d e 3p
   371.00003   366.00003    -0.20000     1.00000     0.30000    26    30.0
LO MagPE 30.000KE/1  Ex=1486.599eV WF=4.000eV Ck=XL Det=MCD Ent=6x12mm Exit=4mm
5025
5495
5796
6432
7020
8256
10058
12734
16637
21987
28364
34383
38061
38342
33602
26285
18602
12108
8535
6329
5160
4326
3845
3456
3258
3166
   579.00006   567.00006    -0.50000     1.00000     0.30000    25    30.0
LO MagPE 30.000KE/1  Ex=1486.599eV WF=4.000eV Ck=XL Det=MCD Ent=6x12mm Exit=4mm
7294
7460
7705
7882
8038
8484
9019
9751
10736
12062
13662
14414
14183
12941
11246
9563
8588
7719
7213
6787
6575
6267
6131
5939
6015
