Ag(111) limpa 3d e 3p
   371.00003   366.00003    -0.20000     1.00000     0.30000    26    30.0
LO MagPE 30.000KE/1  Ex=1486.599eV WF=4.000eV Ck=XL Det=MCD Ent=6x12mm Exit=4mm
1941
2058
2222
2562
2869
3344
4096
5358
6976
9301
12257
15134
17090
16712
14864
11196
7838
5103
3415
2566
1951
1727
1394
1312
1190
1080
   579.00006   567.00006    -0.50000     1.00000     0.30000    25    30.0
LO MagPE 30.000KE/1  Ex=1486.599eV WF=4.000eV Ck=XL Det=MCD Ent=6x12mm Exit=4mm
2358
2508
2404
2541
2700
2771
3039
3400
3766
4406
5014
5265
5241
4624
4061
3340
2953
2579
2273
2126
1998
1929
1968
1838
1781
