Ag(111) limpa 3d e 3p
   371.00003   366.00003    -0.20000     1.00000     0.30000    26    30.0
LO MagPE 30.000KE/1  Ex=1486.599eV WF=4.000eV Ck=XL Det=MCD Ent=6x12mm Exit=4mm
2096
2308
2413
2690
3107
3608
4371
5782
7448
10034
12807
15893
17686
17174
14919
11516
7834
5161
3548
2583
2059
1719
1512
1355
1316
1200
   579.00006   567.00006    -0.50000     1.00000     0.30000    25    30.0
LO MagPE 30.000KE/1  Ex=1486.599eV WF=4.000eV Ck=XL Det=MCD Ent=6x12mm Exit=4mm
2615
2705
2841
2981
3024
3192
3553
3758
4411
5001
5530
6078
5915
5333
4655
3894
3350
2964
2737
2458
2322
2181
2187
2068
2061
