Ag(111) limpa 3d e 3p
   371.00003   366.00003    -0.20000     1.00000     0.30000    26    30.0
LO MagPE 30.000KE/1  Ex=1486.599eV WF=4.000eV Ck=XL Det=MCD Ent=6x12mm Exit=4mm
1676
1920
1949
2175
2526
2853
3446
4512
6064
7936
10341
12612
13884
14070
12150
9293
6456
4232
2934
2119
1725
1461
1268
1074
1047
1025
   579.00006   567.00006    -0.50000     1.00000     0.30000    25    30.0
LO MagPE 30.000KE/1  Ex=1486.599eV WF=4.000eV Ck=XL Det=MCD Ent=6x12mm Exit=4mm
2456
2524
2577
2634
2761
2905
3043
3335
3759
4281
4807
5186
5029
4689
3940
3417
2874
2642
2431
2233
2115
2058
2037
2019
2014
