Ag(111) limpa 3d e 3p
   371.00003   366.00003    -0.20000     1.00000     0.30000    26    30.0
LO MagPE 30.000KE/1  Ex=1486.599eV WF=4.000eV Ck=XL Det=MCD Ent=6x12mm Exit=4mm
2392
2542
2712
3031
3456
3963
5061
6471
8707
11559
15054
18234
20036
19771
16927
12520
8761
5672
3883
2840
2265
1905
1607
1470
1390
1326
   579.00006   567.00006    -0.50000     1.00000     0.30000    25    30.0
LO MagPE 30.000KE/1  Ex=1486.599eV WF=4.000eV Ck=XL Det=MCD Ent=6x12mm Exit=4mm
2815
2886
3061
3149
3223
3505
3789
4096
4846
5480
6587
6935
6895
5954
5092
4194
3641
3128
2812
2509
2442
2327
2233
2103
2150
