Ag(111) limpa 3d e 3p
   371.00003   366.00003    -0.20000     1.00000     0.30000    26    30.0
LO MagPE 30.000KE/1  Ex=1486.599eV WF=4.000eV Ck=XL Det=MCD Ent=6x12mm Exit=4mm
1534
1561
1719
1724
1983
2262
2652
3253
4166
5619
7246
8846
9905
9657
8707
6704
4554
3103
2196
1659
1363
1229
1075
1005
986
933
   579.00006   567.00006    -0.50000     1.00000     0.30000    25    30.0
LO MagPE 30.000KE/1  Ex=1486.599eV WF=4.000eV Ck=XL Det=MCD Ent=6x12mm Exit=4mm
2233
2391
2366
2383
2428
2514
2620
2871
3112
3425
3562
3712
3468
3251
2790
2523
2272
1974
1860
1830
1697
1703
1724
1690
1662
