Ag(111) limpa 3d e 3p
   371.00003   366.00003    -0.20000     1.00000     0.30000    26    30.0
LO MagPE 30.000KE/1  Ex=1486.599eV WF=4.000eV Ck=XL Det=MCD Ent=6x12mm Exit=4mm
5880
6039
6474
7071
8038
9158
11203
13769
17867
24155
31627
39459
44358
44902
40049
31222
22080
14586
10048
7463
5745
4905
4376
3955
3712
3433
   579.00006   567.00006    -0.50000     1.00000     0.30000    25    30.0
LO MagPE 30.000KE/1  Ex=1486.599eV WF=4.000eV Ck=XL Det=MCD Ent=6x12mm Exit=4mm
7233
7481
7662
7946
8183
8853
9125
10018
11263
12851
14448
15661
15283
13982
12015
10310
8715
7930
7364
6775
6555
6196
6149
5849
5907
