Ag(111) limpa 3d e 3p
   371.00003   366.00003    -0.20000     1.00000     0.30000    26    30.0
LO MagPE 30.000KE/1  Ex=1486.599eV WF=4.000eV Ck=XL Det=MCD Ent=6x12mm Exit=4mm
4593
4930
5120
5575
6341
7138
8510
10763
13942
18738
24647
30318
34894
35006
31550
24449
16734
11275
7704
5818
4549
3855
3377
3079
2900
2735
   579.00006   567.00006    -0.50000     1.00000     0.30000    25    30.0
LO MagPE 30.000KE/1  Ex=1486.599eV WF=4.000eV Ck=XL Det=MCD Ent=6x12mm Exit=4mm
5466
5675
5808
6075
6279
6519
6890
7429
8461
9498
10644
11469
11494
10203
8851
7619
6442
5621
5249
4813
4648
4475
4258
4016
4105
