Ag(111) limpa 3d e 3p
   371.00003   366.00003    -0.20000     1.00000     0.30000    26    30.0
LO MagPE 30.000KE/1  Ex=1486.599eV WF=4.000eV Ck=XL Det=MCD Ent=6x12mm Exit=4mm
5653
5910
6491
6960
7799
9307
10930
14014
17964
23972
31499
38335
43129
43142
38541
30253
20746
13840
9350
7054
5568
4765
4201
3819
3513
3500
   579.00006   567.00006    -0.50000     1.00000     0.30000    25    30.0
LO MagPE 30.000KE/1  Ex=1486.599eV WF=4.000eV Ck=XL Det=MCD Ent=6x12mm Exit=4mm
7550
7662
7869
8107
8435
8759
9523
10288
11549
13109
14460
15732
15408
13934
12002
10231
9039
8158
7445
6826
6591
6410
6123
6065
6017
