Ag(111) limpa 3d e 3p
   371.00003   366.00003    -0.20000     1.00000     0.30000    26    30.0
LO MagPE 30.000KE/1  Ex=1486.599eV WF=4.000eV Ck=XL Det=MCD Ent=6x12mm Exit=4mm
1670
1731
1786
1960
2262
2431
2824
3535
4452
5787
7607
9240
10568
10634
9594
7399
5243
3312
2421
1847
1649
1327
1223
1152
1050
1026
   579.00006   567.00006    -0.50000     1.00000     0.30000    25    30.0
LO MagPE 30.000KE/1  Ex=1486.599eV WF=4.000eV Ck=XL Det=MCD Ent=6x12mm Exit=4mm
2626
2803
2795
2931
2891
2965
3182
3398
3692
3963
4073
4194
4212
3708
3268
2980
2645
2332
2293
2140
2093
2063
2038
2013
1930
