Ag(111) limpa 3d e 3p
   371.00003   366.00003    -0.20000     1.00000     0.30000    26    30.0
LO MagPE 30.000KE/1  Ex=1486.599eV WF=4.000eV Ck=XL Det=MCD Ent=6x12mm Exit=4mm
2062
2133
2396
2591
2919
3422
4301
5321
6968
9466
12399
15419
17272
17279
15189
11750
8088
5302
3670
2587
2089
1719
1560
1411
1271
1184
   579.00006   567.00006    -0.50000     1.00000     0.30000    25    30.0
LO MagPE 30.000KE/1  Ex=1486.599eV WF=4.000eV Ck=XL Det=MCD Ent=6x12mm Exit=4mm
2520
2696
2721
2808
2869
3072
3334
3622
4185
4588
5141
5551
5477
5001
4403
3621
3107
2759
2528
2427
2313
2203
2116
2157
2046
