Ag(111) limpa 3d e 3p
   371.00003   366.00003    -0.20000     1.00000     0.30000    26    30.0
LO MagPE 30.000KE/1  Ex=1486.599eV WF=4.000eV Ck=XL Det=MCD Ent=6x12mm Exit=4mm
7025
7245
7791
8589
9674
11135
13561
17185
22461
30092
40150
49633
56515
56923
50381
38775
26942
17829
12164
9108
7068
6021
5197
4628
4207
4102
   579.00006   567.00006    -0.50000     1.00000     0.30000    25    30.0
LO MagPE 30.000KE/1  Ex=1486.599eV WF=4.000eV Ck=XL Det=MCD Ent=6x12mm Exit=4mm
8005
8202
8514
8789
9132
9798
10416
11261
12824
14789
16649
17777
17472
15730
13522
11492
9778
8584
7816
7317
6865
6658
6406
6274
6108
