Ag(111) limpa 3d e 3p
   371.00003   366.00003    -0.20000     1.00000     0.30000    26    30.0
LO MagPE 30.000KE/1  Ex=1486.599eV WF=4.000eV Ck=XL Det=MCD Ent=6x12mm Exit=4mm
5155
5368
5713
6143
6949
8043
9559
11713
15311
20669
26910
33259
38191
39264
35355
28173
19519
13017
8967
6654
5205
4417
3893
3508
3243
3077
   579.00006   567.00006    -0.50000     1.00000     0.30000    25    30.0
LO MagPE 30.000KE/1  Ex=1486.599eV WF=4.000eV Ck=XL Det=MCD Ent=6x12mm Exit=4mm
6668
6734
6934
7155
7510
7760
8411
9057
10047
11397
12559
13752
13456
12377
10616
8993
7911
6926
6430
5951
5599
5407
5390
5193
5098
