Ag(111) limpa 3d e 3p
   371.00003   366.00003    -0.20000     1.00000     0.30000    26    30.0
LO MagPE 30.000KE/1  Ex=1486.599eV WF=4.000eV Ck=XL Det=MCD Ent=6x12mm Exit=4mm
5025
5328
5779
6273
6963
7995
9652
12242
15935
21356
27449
33466
37172
37487
33286
25560
18175
12211
8416
6299
5203
4332
3731
3496
3239
3094
   579.00006   567.00006    -0.50000     1.00000     0.30000    25    30.0
LO MagPE 30.000KE/1  Ex=1486.599eV WF=4.000eV Ck=XL Det=MCD Ent=6x12mm Exit=4mm
7465
7656
7644
7881
8046
8591
8982
9653
10756
12081
13170
14205
14081
12915
11248
9809
8811
7717
7267
6759
6576
6305
6311
6256
6241
