Ag(111) limpa 3d e 3p
   371.00003   366.00003    -0.20000     1.00000     0.30000    26    30.0
LO MagPE 30.000KE/1  Ex=1486.599eV WF=4.000eV Ck=XL Det=MCD Ent=6x12mm Exit=4mm
1782
1859
1894
2253
2428
2872
3484
4446
5627
7618
10064
12098
13745
13789
12381
9617
6668
4431
3093
2251
1813
1505
1332
1222
1097
1066
   579.00006   567.00006    -0.50000     1.00000     0.30000    25    30.0
LO MagPE 30.000KE/1  Ex=1486.599eV WF=4.000eV Ck=XL Det=MCD Ent=6x12mm Exit=4mm
2432
2484
2562
2651
2625
2825
2974
3212
3656
4060
4507
4848
4899
4295
3825
3255
2804
2428
2389
2262
2220
2067
2055
1981
2030
