Ag(111) limpa 3d e 3p
   371.00003   366.00003    -0.20000     1.00000     0.30000    26    30.0
LO MagPE 30.000KE/1  Ex=1486.599eV WF=4.000eV Ck=XL Det=MCD Ent=6x12mm Exit=4mm
1835
2124
2178
2454
2808
3208
4056
5093
6994
9348
12168
15000
16507
16654
14424
10881
7567
4944
3368
2594
1888
1583
1350
1300
1153
1084
   579.00006   567.00006    -0.50000     1.00000     0.30000    25    30.0
LO MagPE 30.000KE/1  Ex=1486.599eV WF=4.000eV Ck=XL Det=MCD Ent=6x12mm Exit=4mm
2396
2368
2486
2481
2689
2889
2976
3317
3874
4544
4999
5494
5205
4829
4049
3338
2879
2611
2388
2157
2064
1923
1964
1819
1855
