Ag(111) limpa 3d e 3p
   371.00003   366.00003    -0.20000     1.00000     0.30000    26    30.0
LO MagPE 30.000KE/1  Ex=1486.599eV WF=4.000eV Ck=XL Det=MCD Ent=6x12mm Exit=4mm
5425
5784
6198
6727
7433
8646
10429
13060
16863
22408
29667
36327
40798
41538
36877
29006
20013
13516
9198
6962
5553
4561
4001
3824
3415
3259
   579.00006   567.00006    -0.50000     1.00000     0.30000    25    30.0
LO MagPE 30.000KE/1  Ex=1486.599eV WF=4.000eV Ck=XL Det=MCD Ent=6x12mm Exit=4mm
7323
7391
7720
7972
8273
8632
9121
9978
11134
12477
14053
15119
14861
13541
11713
10034
8676
7929
7238
6760
6503
6189
6021
5906
5907
