Ag(111) limpa 3d e 3p
   371.00003   366.00003    -0.20000     1.00000     0.30000    26    30.0
LO MagPE 30.000KE/1  Ex=1486.599eV WF=4.000eV Ck=XL Det=MCD Ent=6x12mm Exit=4mm
1846
1895
2198
2403
2780
3202
3772
4887
6586
8658
11220
13869
15548
15397
13742
10677
7297
4768
3258
2450
1977
1631
1438
1205
1198
1061
   579.00006   567.00006    -0.50000     1.00000     0.30000    25    30.0
LO MagPE 30.000KE/1  Ex=1486.599eV WF=4.000eV Ck=XL Det=MCD Ent=6x12mm Exit=4mm
2519
2600
2696
2820
2748
2925
3065
3465
3868
4384
4888
5289
5246
4734
4082
3581
2934
2792
2506
2298
2180
2130
1984
1950
1975
