Ag(111) limpa 3d e 3p
   371.00003   366.00003    -0.20000     1.00000     0.30000    26    30.0
LO MagPE 30.000KE/1  Ex=1486.599eV WF=4.000eV Ck=XL Det=MCD Ent=6x12mm Exit=4mm
1987
2025
2179
2498
2872
3153
3936
5166
6659
9119
11768
14429
15990
15859
13657
10411
7215
4814
3328
2475
1927
1612
1384
1262
1155
1202
   579.00006   567.00006    -0.50000     1.00000     0.30000    25    30.0
LO MagPE 30.000KE/1  Ex=1486.599eV WF=4.000eV Ck=XL Det=MCD Ent=6x12mm Exit=4mm
2570
2839
2803
2890
2923
3343
3384
3854
4229
4770
5299
5752
5642
5037
4402
3733
3178
2831
2572
2428
2313
2268
2220
2154
2119
