Ag(111) limpa 3d e 3p
   371.00003   366.00003    -0.20000     1.00000     0.30000    26    30.0
LO MagPE 30.000KE/1  Ex=1486.599eV WF=4.000eV Ck=XL Det=MCD Ent=6x12mm Exit=4mm
1836
2005
2113
2253
2567
3198
3912
4928
6487
8924
11541
13537
15470
15483
13580
10074
7035
4682
3114
2327
1855
1507
1282
1185
1051
1113
   579.00006   567.00006    -0.50000     1.00000     0.30000    25    30.0
LO MagPE 30.000KE/1  Ex=1486.599eV WF=4.000eV Ck=XL Det=MCD Ent=6x12mm Exit=4mm
2236
2424
2545
2489
2659
2782
3010
3313
3844
4239
5036
5247
5335
4497
4035
3359
2894
2506
2311
2145
2061
1939
1895
1767
1643
