Ag(111) limpa 3d e 3p
   371.00003   366.00003    -0.20000     1.00000     0.30000    26    30.0
LO MagPE 30.000KE/1  Ex=1486.599eV WF=4.000eV Ck=XL Det=MCD Ent=6x12mm Exit=4mm
4447
4784
5013
5328
6066
6991
8064
10298
13315
17360
22771
28231
32103
33125
29778
23012
16471
11045
7564
5603
4440
3781
3413
3115
2922
2677
   579.00006   567.00006    -0.50000     1.00000     0.30000    25    30.0
LO MagPE 30.000KE/1  Ex=1486.599eV WF=4.000eV Ck=XL Det=MCD Ent=6x12mm Exit=4mm
6059
6309
6469
6650
6665
7088
7188
7907
8815
9762
10865
11453
11575
10311
9172
7958
6923
6184
5811
5618
5251
4985
4904
4958
4830
