Ag(111) limpa 3d e 3p
   371.00003   366.00003    -0.20000     1.00000     0.30000    26    30.0
LO MagPE 30.000KE/1  Ex=1486.599eV WF=4.000eV Ck=XL Det=MCD Ent=6x12mm Exit=4mm
4874
5144
5209
5770
6539
7320
8955
11165
14468
19027
25150
31143
35812
36460
32814
25510
17888
11922
8208
6060
4894
4052
3644
3243
2976
2901
   579.00006   567.00006    -0.50000     1.00000     0.30000    25    30.0
LO MagPE 30.000KE/1  Ex=1486.599eV WF=4.000eV Ck=XL Det=MCD Ent=6x12mm Exit=4mm
6136
6324
6324
6671
6825
7199
7561
8081
9100
10360
11677
12214
11944
11198
9566
8082
7188
6347
5832
5355
5058
4779
4874
4517
4675
