Ag(111) limpa 3d e 3p
   371.00003   366.00003    -0.20000     1.00000     0.30000    26    30.0
LO MagPE 30.000KE/1  Ex=1486.599eV WF=4.000eV Ck=XL Det=MCD Ent=6x12mm Exit=4mm
1392
1458
1531
1646
1872
2086
2385
2999
3833
5032
6495
8178
8836
9132
8019
6248
4221
2890
2072
1578
1357
1202
1075
967
941
831
   579.00006   567.00006    -0.50000     1.00000     0.30000    25    30.0
LO MagPE 30.000KE/1  Ex=1486.599eV WF=4.000eV Ck=XL Det=MCD Ent=6x12mm Exit=4mm
2246
2244
2343
2404
2453
2495
2583
2716
3055
3321
3545
3451
3574
3046
2725
2400
2204
2040
1857
1760
1660
1676
1681
1651
1609
