Ag(111) limpa 3d e 3p
   371.00003   366.00003    -0.20000     1.00000     0.30000    26    30.0
LO MagPE 30.000KE/1  Ex=1486.599eV WF=4.000eV Ck=XL Det=MCD Ent=6x12mm Exit=4mm
5224
5374
5613
6163
6912
8111
9641
12016
15807
20801
27413
33531
38592
38703
34681
27267
18878
12503
8735
6331
5063
4430
3761
3336
3142
3053
   579.00006   567.00006    -0.50000     1.00000     0.30000    25    30.0
LO MagPE 30.000KE/1  Ex=1486.599eV WF=4.000eV Ck=XL Det=MCD Ent=6x12mm Exit=4mm
6639
6792
6998
7159
7532
7600
8290
8975
10046
11361
12714
13787
13366
12388
10561
9047
7841
7062
6387
5952
5847
5375
5263
5195
5098
