Ag(111) limpa 3d e 3p
   371.00003   366.00003    -0.20000     1.00000     0.30000    26    30.0
LO MagPE 30.000KE/1  Ex=1486.599eV WF=4.000eV Ck=XL Det=MCD Ent=6x12mm Exit=4mm
5707
6042
6408
7067
7854
9020
10917
13883
18032
24186
31542
38188
43254
43197
37932
29541
20526
13797
9402
7191
5655
4805
4227
3802
3553
3484
   579.00006   567.00006    -0.50000     1.00000     0.30000    25    30.0
LO MagPE 30.000KE/1  Ex=1486.599eV WF=4.000eV Ck=XL Det=MCD Ent=6x12mm Exit=4mm
7568
7848
7794
8127
8418
8649
9176
9900
11394
13018
14630
15549
15161
13740
11897
10265
8816
7943
7320
6746
6521
6328
6160
5976
5930
