Ag(111) limpa 3d e 3p
   371.00003   366.00003    -0.20000     1.00000     0.30000    26    30.0
LO MagPE 30.000KE/1  Ex=1486.599eV WF=4.000eV Ck=XL Det=MCD Ent=6x12mm Exit=4mm
3933
4178
4385
4778
5259
6105
7123
9012
11577
15492
20268
24932
28168
28903
25846
20500
14139
9361
6528
4719
3865
3276
2853
2634
2393
2331
   579.00006   567.00006    -0.50000     1.00000     0.30000    25    30.0
LO MagPE 30.000KE/1  Ex=1486.599eV WF=4.000eV Ck=XL Det=MCD Ent=6x12mm Exit=4mm
4899
5065
5252
5291
5343
5931
6011
6521
7184
8297
9067
9729
9662
8885
7608
6475
5525
4913
4472
4197
3970
3843
3745
3699
3616
