Ag(111) limpa 3d e 3p
   371.00003   366.00003    -0.20000     1.00000     0.30000    26    30.0
LO MagPE 30.000KE/1  Ex=1486.599eV WF=4.000eV Ck=XL Det=MCD Ent=6x12mm Exit=4mm
5727
5937
6464
7039
7781
8862
10854
13604
18036
23680
31135
38125
43626
44587
39678
30733
21615
14460
9876
7314
5851
4841
4358
3959
3608
3498
   579.00006   567.00006    -0.50000     1.00000     0.30000    25    30.0
LO MagPE 30.000KE/1  Ex=1486.599eV WF=4.000eV Ck=XL Det=MCD Ent=6x12mm Exit=4mm
7441
7488
7875
8130
8338
8723
9300
10170
11552
13176
14921
15890
15593
14195
12287
10447
8949
8039
7376
6777
6564
6086
5943
6050
5841
