Ag(111) limpa 3d e 3p
   371.00003   366.00003    -0.20000     1.00000     0.30000    26    30.0
LO MagPE 30.000KE/1  Ex=1486.599eV WF=4.000eV Ck=XL Det=MCD Ent=6x12mm Exit=4mm
1902
2066
2286
2547
2836
3349
3981
5265
6847
9407
11987
14444
16206
16024
13771
10894
7206
4703
3299
2468
1983
1687
1511
1262
1138
1142
   579.00006   567.00006    -0.50000     1.00000     0.30000    25    30.0
LO MagPE 30.000KE/1  Ex=1486.599eV WF=4.000eV Ck=XL Det=MCD Ent=6x12mm Exit=4mm
2613
2792
2897
2851
3136
3263
3546
3873
4205
4962
5610
6015
5861
5184
4369
3798
3357
2923
2715
2547
2339
2283
2217
2177
2099
