Ag(111) limpa 3d e 3p
   371.00003   366.00003    -0.20000     1.00000     0.30000    26    30.0
LO MagPE 30.000KE/1  Ex=1486.599eV WF=4.000eV Ck=XL Det=MCD Ent=6x12mm Exit=4mm
1755
1949
1991
2178
2480
2888
3563
4603
6010
7944
10442
12288
13807
13880
12024
9162
6323
4200
2818
2217
1634
1502
1257
1139
1100
1012
   579.00006   567.00006    -0.50000     1.00000     0.30000    25    30.0
LO MagPE 30.000KE/1  Ex=1486.599eV WF=4.000eV Ck=XL Det=MCD Ent=6x12mm Exit=4mm
2577
2692
2649
2754
2767
2958
3224
3379
3928
4345
4877
5245
5041
4526
4004
3478
2998
2680
2461
2356
2289
2190
2124
2106
2048
