Ag(111) limpa 3d e 3p
   371.00003   366.00003    -0.20000     1.00000     0.30000    26    30.0
LO MagPE 30.000KE/1  Ex=1486.599eV WF=4.000eV Ck=XL Det=MCD Ent=6x12mm Exit=4mm
1976
1996
2028
2141
2469
2700
3268
3862
5023
6540
8546
10642
12071
12269
10863
8387
5926
3916
2760
2113
1741
1535
1352
1186
1194
1183
   579.00006   567.00006    -0.50000     1.00000     0.30000    25    30.0
LO MagPE 30.000KE/1  Ex=1486.599eV WF=4.000eV Ck=XL Det=MCD Ent=6x12mm Exit=4mm
2995
3012
3194
3332
3383
3497
3565
3680
4111
4587
4665
4629
4406
4043
3451
3018
2675
2405
2340
2194
2113
2151
2096
1978
1957
