Ag(111) limpa 3d e 3p
   371.00003   366.00003    -0.20000     1.00000     0.30000    26    30.0
LO MagPE 30.000KE/1  Ex=1486.599eV WF=4.000eV Ck=XL Det=MCD Ent=6x12mm Exit=4mm
2300
2499
2690
2774
3360
3808
4744
6171
8078
10791
14196
17500
19618
19077
16645
12730
8638
5771
3884
2896
2284
1857
1565
1402
1331
1257
   579.00006   567.00006    -0.50000     1.00000     0.30000    25    30.0
LO MagPE 30.000KE/1  Ex=1486.599eV WF=4.000eV Ck=XL Det=MCD Ent=6x12mm Exit=4mm
2506
2621
2712
2814
3030
3177
3367
3610
4301
4937
5601
6179
6105
5539
4537
3888
3136
2769
2592
2390
2279
2107
2143
1905
1924
