Ag(111) limpa 3d e 3p
   371.00003   366.00003    -0.20000     1.00000     0.30000    26    30.0
LO MagPE 30.000KE/1  Ex=1486.599eV WF=4.000eV Ck=XL Det=MCD Ent=6x12mm Exit=4mm
1727
1850
2093
2170
2531
2939
3609
4603
6097
8056
10854
13033
14813
14526
12498
9509
6692
4552
3006
2270
1734
1516
1220
1155
1077
1000
   579.00006   567.00006    -0.50000     1.00000     0.30000    25    30.0
LO MagPE 30.000KE/1  Ex=1486.599eV WF=4.000eV Ck=XL Det=MCD Ent=6x12mm Exit=4mm
2265
2375
2336
2494
2586
2712
2863
3246
3651
4219
4751
5043
4945
4460
3807
3394
2756
2452
2259
2174
1984
1928
1821
1784
1780
