Ag(111) limpa 3d e 3p
   371.00003   366.00003    -0.20000     1.00000     0.30000    26    30.0
LO MagPE 30.000KE/1  Ex=1486.599eV WF=4.000eV Ck=XL Det=MCD Ent=6x12mm Exit=4mm
1629
1670
1737
1860
2091
2315
2679
3410
4566
6014
7655
9489
10658
10481
9117
7070
4838
3211
2271
1774
1473
1270
1158
969
1049
996
   579.00006   567.00006    -0.50000     1.00000     0.30000    25    30.0
LO MagPE 30.000KE/1  Ex=1486.599eV WF=4.000eV Ck=XL Det=MCD Ent=6x12mm Exit=4mm
2247
2291
2335
2407
2512
2562
2780
2930
3315
3567
3639
3788
3724
3373
2906
2534
2285
1999
1919
1842
1754
1672
1621
1650
1610
