Ag(111) limpa 3d e 3p
   371.00003   366.00003    -0.20000     1.00000     0.30000    26    30.0
LO MagPE 30.000KE/1  Ex=1486.599eV WF=4.000eV Ck=XL Det=MCD Ent=6x12mm Exit=4mm
6943
7644
8176
9074
10146
11809
14398
18161
23881
31924
42293
51350
58588
58353
51578
39850
27665
18079
12260
9370
7108
6058
5290
4657
4359
4146
   579.00006   567.00006    -0.50000     1.00000     0.30000    25    30.0
LO MagPE 30.000KE/1  Ex=1486.599eV WF=4.000eV Ck=XL Det=MCD Ent=6x12mm Exit=4mm
7952
8403
8693
8853
9245
10050
10745
12054
13344
15788
17888
19383
19087
17102
14418
12092
10258
9069
8281
7473
7182
6716
6506
6281
6160
