Ag(111) limpa 3d e 3p
   371.00003   366.00003    -0.20000     1.00000     0.30000    26    30.0
LO MagPE 30.000KE/1  Ex=1486.599eV WF=4.000eV Ck=XL Det=MCD Ent=6x12mm Exit=4mm
1747
1893
2022
2163
2457
2874
3394
4325
5661
7672
9972
12137
13834
13868
12374
9422
6528
4400
2944
2184
1840
1514
1308
1224
1071
1070
   579.00006   567.00006    -0.50000     1.00000     0.30000    25    30.0
LO MagPE 30.000KE/1  Ex=1486.599eV WF=4.000eV Ck=XL Det=MCD Ent=6x12mm Exit=4mm
2505
2350
2461
2544
2700
2848
2972
3273
3433
4147
4470
4843
4611
4184
3675
3108
2774
2647
2368
2247
2084
2058
2127
2050
1959
