Ag(111) limpa 3d e 3p
   371.00003   366.00003    -0.20000     1.00000     0.30000    26    30.0
LO MagPE 30.000KE/1  Ex=1486.599eV WF=4.000eV Ck=XL Det=MCD Ent=6x12mm Exit=4mm
6248
6697
7064
7798
8638
10194
12205
15436
20447
27028
35343
43274
48819
49170
43130
33345
23285
15380
10487
7764
6170
5310
4688
4184
3870
3639
   579.00006   567.00006    -0.50000     1.00000     0.30000    25    30.0
LO MagPE 30.000KE/1  Ex=1486.599eV WF=4.000eV Ck=XL Det=MCD Ent=6x12mm Exit=4mm
7505
7807
8187
8321
8610
9093
9778
10663
11893
13634
15069
16208
15902
14400
12285
10532
9126
8157
7508
6880
6595
6400
6097
6029
5855
