Ag(111) limpa 3d e 3p
   371.00003   366.00003    -0.20000     1.00000     0.30000    26    30.0
LO MagPE 30.000KE/1  Ex=1486.599eV WF=4.000eV Ck=XL Det=MCD Ent=6x12mm Exit=4mm
1797
1840
2021
2254
2609
2960
3668
4711
6058
8264
10593
13037
14195
14138
12509
9506
6529
4307
2901
2229
1788
1472
1302
1173
1033
1018
   579.00006   567.00006    -0.50000     1.00000     0.30000    25    30.0
LO MagPE 30.000KE/1  Ex=1486.599eV WF=4.000eV Ck=XL Det=MCD Ent=6x12mm Exit=4mm
2539
2515
2563
2761
2719
2974
3118
3450
3784
4397
4911
5173
5066
4540
3998
3299
2952
2677
2406
2285
2131
2048
1967
1945
1899
