Ag(111) limpa 3d e 3p
   371.00003   366.00003    -0.20000     1.00000     0.30000    26    30.0
LO MagPE 30.000KE/1  Ex=1486.599eV WF=4.000eV Ck=XL Det=MCD Ent=6x12mm Exit=4mm
1703
1762
2084
2141
2432
2705
3406
4245
5847
7531
10066
11816
13401
13621
12065
9189
6271
4257
2885
2131
1749
1442
1229
1165
1116
1030
   579.00006   567.00006    -0.50000     1.00000     0.30000    25    30.0
LO MagPE 30.000KE/1  Ex=1486.599eV WF=4.000eV Ck=XL Det=MCD Ent=6x12mm Exit=4mm
2322
2410
2521
2430
2623
2773
2997
3227
3718
4031
4638
4905
4749
4438
3657
3184
2835
2512
2499
2167
2003
1975
1989
1914
1817
