Ag(111) limpa 3d e 3p
   371.00003   366.00003    -0.20000     1.00000     0.30000    26    30.0
LO MagPE 30.000KE/1  Ex=1486.599eV WF=4.000eV Ck=XL Det=MCD Ent=6x12mm Exit=4mm
2180
2284
2435
2568
2991
3515
4325
5375
6928
9676
12834
15525
17544
17508
15345
11947
8275
5617
3724
2693
2211
1787
1540
1384
1222
1218
   579.00006   567.00006    -0.50000     1.00000     0.30000    25    30.0
LO MagPE 30.000KE/1  Ex=1486.599eV WF=4.000eV Ck=XL Det=MCD Ent=6x12mm Exit=4mm
2531
2629
2685
2818
2915
3022
3230
3568
3991
4629
5227
5563
5510
4937
4223
3615
3178
2708
2613
2385
2257
2212
2064
1940
2021
