Ag(111) limpa 3d e 3p
   371.00003   366.00003    -0.20000     1.00000     0.30000    26    30.0
LO MagPE 30.000KE/1  Ex=1486.599eV WF=4.000eV Ck=XL Det=MCD Ent=6x12mm Exit=4mm
2290
2394
2559
2754
3295
3782
4594
6030
7939
10771
14020
17125
19033
19071
16550
12268
8609
5619
3720
2851
2205
1882
1579
1441
1309
1244
   579.00006   567.00006    -0.50000     1.00000     0.30000    25    30.0
LO MagPE 30.000KE/1  Ex=1486.599eV WF=4.000eV Ck=XL Det=MCD Ent=6x12mm Exit=4mm
2519
2672
2763
2883
2956
3077
3348
3659
4312
4986
5610
6002
5938
5239
4567
3784
3313
2840
2607
2360
2212
2209
2032
1919
1975
