Ag(111) limpa 3d e 3p
   371.00003   366.00003    -0.20000     1.00000     0.30000    26    30.0
LO MagPE 30.000KE/1  Ex=1486.599eV WF=4.000eV Ck=XL Det=MCD Ent=6x12mm Exit=4mm
1985
2292
2488
2803
3096
3567
4266
5640
7345
9886
12914
15723
17696
18033
15569
11939
8378
5619
3794
2676
2176
1815
1631
1399
1307
1180
   579.00006   567.00006    -0.50000     1.00000     0.30000    25    30.0
LO MagPE 30.000KE/1  Ex=1486.599eV WF=4.000eV Ck=XL Det=MCD Ent=6x12mm Exit=4mm
2613
2671
2765
2808
2936
3059
3371
3682
4088
4769
5371
5807
5707
4985
4375
3710
3145
2821
2515
2364
2240
2270
2131
2034
2084
