Ag(111) limpa 3d e 3p
   371.00003   366.00003    -0.20000     1.00000     0.30000    26    30.0
LO MagPE 30.000KE/1  Ex=1486.599eV WF=4.000eV Ck=XL Det=MCD Ent=6x12mm Exit=4mm
4982
5266
5808
6381
6929
8025
9740
12102
15744
21004
26859
33175
37937
38264
34132
26663
18724
12573
8552
6434
5174
4382
3839
3433
3322
3150
   579.00006   567.00006    -0.50000     1.00000     0.30000    25    30.0
LO MagPE 30.000KE/1  Ex=1486.599eV WF=4.000eV Ck=XL Det=MCD Ent=6x12mm Exit=4mm
6948
7174
7583
7659
7952
8375
8929
9653
10650
11936
13564
14459
14273
12972
11251
9653
8617
7582
6939
6530
6369
6014
5675
5848
5577
