Ag(111) limpa 3d e 3p
   371.00003   366.00003    -0.20000     1.00000     0.30000    26    30.0
LO MagPE 30.000KE/1  Ex=1486.599eV WF=4.000eV Ck=XL Det=MCD Ent=6x12mm Exit=4mm
5982
6327
6764
7444
8279
9615
11635
14985
19458
25994
33865
41823
46664
46645
40786
31084
21627
14424
9840
7424
6042
5037
4323
3903
3630
3608
   579.00006   567.00006    -0.50000     1.00000     0.30000    25    30.0
LO MagPE 30.000KE/1  Ex=1486.599eV WF=4.000eV Ck=XL Det=MCD Ent=6x12mm Exit=4mm
7682
7752
8193
8316
8600
9175
9792
10520
12004
13805
15694
16521
16460
14637
12561
10783
9082
8176
7384
6973
6846
6359
6132
6014
5866
