Ag(111) limpa 3d e 3p
   371.00003   366.00003    -0.20000     1.00000     0.30000    26    30.0
LO MagPE 30.000KE/1  Ex=1486.599eV WF=4.000eV Ck=XL Det=MCD Ent=6x12mm Exit=4mm
5721
6037
6492
7105
7819
8988
10881
13898
18248
24325
31632
38734
43685
43538
38922
30056
20830
13853
9660
7237
5679
4732
4209
3852
3514
3302
   579.00006   567.00006    -0.50000     1.00000     0.30000    25    30.0
LO MagPE 30.000KE/1  Ex=1486.599eV WF=4.000eV Ck=XL Det=MCD Ent=6x12mm Exit=4mm
7644
7891
8004
8280
8554
8885
9509
10487
11667
13108
14733
15565
15641
13996
12254
10595
9292
8239
7534
7223
6776
6522
6440
6420
6167
