Ag(111) limpa 3d e 3p
   371.00003   366.00003    -0.20000     1.00000     0.30000    26    30.0
LO MagPE 30.000KE/1  Ex=1486.599eV WF=4.000eV Ck=XL Det=MCD Ent=6x12mm Exit=4mm
2066
2113
2231
2319
2658
2923
3495
4395
5542
7311
9513
11577
13236
13151
11759
9121
6357
4328
3079
2371
1872
1634
1459
1400
1220
1240
   579.00006   567.00006    -0.50000     1.00000     0.30000    25    30.0
LO MagPE 30.000KE/1  Ex=1486.599eV WF=4.000eV Ck=XL Det=MCD Ent=6x12mm Exit=4mm
3146
3252
3422
3371
3631
3786
3864
4100
4683
4948
5103
5370
5250
4696
4127
3461
3193
2864
2640
2594
2328
2354
2267
2273
2173
