Ag(111) limpa 3d e 3p
   371.00003   366.00003    -0.20000     1.00000     0.30000    26    30.0
LO MagPE 30.000KE/1  Ex=1486.599eV WF=4.000eV Ck=XL Det=MCD Ent=6x12mm Exit=4mm
3746
3792
4129
4395
4821
5551
6452
8120
10177
13424
17533
22079
25310
26008
23709
18705
13349
8783
6076
4623
3590
3151
2842
2674
2460
2360
   579.00006   567.00006    -0.50000     1.00000     0.30000    25    30.0
LO MagPE 30.000KE/1  Ex=1486.599eV WF=4.000eV Ck=XL Det=MCD Ent=6x12mm Exit=4mm
5495
5591
5563
5921
5946
6109
6495
6932
7634
8342
9108
9789
9625
8890
7608
6756
6083
5531
5190
4842
4684
4502
4279
4400
4361
