Ag(111) limpa 3d e 3p
   371.00003   366.00003    -0.20000     1.00000     0.30000    26    30.0
LO MagPE 30.000KE/1  Ex=1486.599eV WF=4.000eV Ck=XL Det=MCD Ent=6x12mm Exit=4mm
4321
4519
4682
5148
5620
6549
7795
9606
12357
16606
21751
26616
30043
31172
27930
21621
15530
10241
6977
5060
4295
3587
3080
2863
2607
2611
   579.00006   567.00006    -0.50000     1.00000     0.30000    25    30.0
LO MagPE 30.000KE/1  Ex=1486.599eV WF=4.000eV Ck=XL Det=MCD Ent=6x12mm Exit=4mm
5540
5753
5914
6177
6242
6449
6684
7237
8237
9321
10523
11236
10912
9820
8591
7473
6522
5923
5224
5069
4835
4600
4570
4442
4238
