Ag(111) limpa 3d e 3p
   371.00003   366.00003    -0.20000     1.00000     0.30000    26    30.0
LO MagPE 30.000KE/1  Ex=1486.599eV WF=4.000eV Ck=XL Det=MCD Ent=6x12mm Exit=4mm
3797
3974
4230
4620
4952
5830
6891
8675
11038
14797
19099
23901
27070
27644
24682
19498
13649
9020
6200
4628
3711
3199
2706
2497
2342
2346
   579.00006   567.00006    -0.50000     1.00000     0.30000    25    30.0
LO MagPE 30.000KE/1  Ex=1486.599eV WF=4.000eV Ck=XL Det=MCD Ent=6x12mm Exit=4mm
5112
5136
5448
5475
5785
6042
6339
6593
7403
8486
9368
9989
9754
8719
7521
6513
5635
4913
4590
4210
3968
3907
3794
3716
3654
