Ag(111) limpa 3d e 3p
   371.00003   366.00003    -0.20000     1.00000     0.30000    26    30.0
LO MagPE 30.000KE/1  Ex=1486.599eV WF=4.000eV Ck=XL Det=MCD Ent=6x12mm Exit=4mm
6940
7493
7889
8651
9938
11312
14002
17635
23629
30983
40987
49703
56387
56619
49696
38714
26983
17596
12124
8931
6986
5940
5164
4676
4364
4007
   579.00006   567.00006    -0.50000     1.00000     0.30000    25    30.0
LO MagPE 30.000KE/1  Ex=1486.599eV WF=4.000eV Ck=XL Det=MCD Ent=6x12mm Exit=4mm
8237
8429
8917
8993
9383
9898
10769
11939
13630
15630
17773
19178
18847
16862
14163
12157
10253
9125
8041
7417
7162
6902
6652
6303
6294
