Ag(111) limpa 3d e 3p
   371.00003   366.00003    -0.20000     1.00000     0.30000    26    30.0
LO MagPE 30.000KE/1  Ex=1486.599eV WF=4.000eV Ck=XL Det=MCD Ent=6x12mm Exit=4mm
4847
5242
5644
6043
6643
7524
9107
11112
14549
19285
25082
30495
35000
35757
32384
25455
17802
11809
8327
6131
4946
4240
3616
3311
3101
3013
   579.00006   567.00006    -0.50000     1.00000     0.30000    25    30.0
LO MagPE 30.000KE/1  Ex=1486.599eV WF=4.000eV Ck=XL Det=MCD Ent=6x12mm Exit=4mm
6915
7119
7103
7373
7561
7927
8333
9055
9933
11260
12276
13405
13289
12064
10535
8991
7799
7249
6595
6248
6007
5752
5503
5510
5589
