Ag(111) limpa 3d e 3p
   371.00003   366.00003    -0.20000     1.00000     0.30000    26    30.0
LO MagPE 30.000KE/1  Ex=1486.599eV WF=4.000eV Ck=XL Det=MCD Ent=6x12mm Exit=4mm
4644
4880
5270
5681
6334
7179
8661
10531
14009
18311
24145
29353
33399
33968
30277
23574
16931
11082
7918
5859
4638
3892
3494
3215
3075
2912
   579.00006   567.00006    -0.50000     1.00000     0.30000    25    30.0
LO MagPE 30.000KE/1  Ex=1486.599eV WF=4.000eV Ck=XL Det=MCD Ent=6x12mm Exit=4mm
6794
6995
6994
7160
7592
7783
8245
9092
9722
10856
11943
12874
12764
11977
10357
8710
7717
7195
6655
6230
6002
5711
5661
5573
5442
