Ag(111) limpa 3d e 3p
   371.00003   366.00003    -0.20000     1.00000     0.30000    26    30.0
LO MagPE 30.000KE/1  Ex=1486.599eV WF=4.000eV Ck=XL Det=MCD Ent=6x12mm Exit=4mm
4378
4622
4896
5276
5724
6691
7872
9846
12728
16616
21373
26669
30273
30813
27691
21663
15313
10396
7162
5327
4332
3644
3229
2987
2832
2690
   579.00006   567.00006    -0.50000     1.00000     0.30000    25    30.0
LO MagPE 30.000KE/1  Ex=1486.599eV WF=4.000eV Ck=XL Det=MCD Ent=6x12mm Exit=4mm
6011
6008
6336
6558
6586
6955
7353
8004
8917
9848
10968
11530
11319
10366
8978
7774
6914
6380
5827
5546
5250
5039
4920
4842
4792
