Ag(111) limpa 3d e 3p
   371.00003   366.00003    -0.20000     1.00000     0.30000    26    30.0
LO MagPE 30.000KE/1  Ex=1486.599eV WF=4.000eV Ck=XL Det=MCD Ent=6x12mm Exit=4mm
2265
2366
2535
2784
3352
3866
4709
6168
8074
11064
14287
17581
19564
19439
16777
12873
8669
5678
3941
2873
2206
1830
1586
1457
1237
1228
   579.00006   567.00006    -0.50000     1.00000     0.30000    25    30.0
LO MagPE 30.000KE/1  Ex=1486.599eV WF=4.000eV Ck=XL Det=MCD Ent=6x12mm Exit=4mm
2645
2642
2757
2781
2966
3237
3329
3805
4221
5031
5688
6127
5921
5280
4543
3814
3368
2885
2531
2364
2218
2192
2044
1918
1904
