Ag(111) limpa 3d e 3p
   371.00003   366.00003    -0.20000     1.00000     0.30000    26    30.0
LO MagPE 30.000KE/1  Ex=1486.599eV WF=4.000eV Ck=XL Det=MCD Ent=6x12mm Exit=4mm
1964
2007
2230
2386
2783
3226
3898
5052
6453
8946
11271
14036
15655
15538
13409
10146
7022
4722
3241
2366
1865
1580
1402
1323
1216
1148
   579.00006   567.00006    -0.50000     1.00000     0.30000    25    30.0
LO MagPE 30.000KE/1  Ex=1486.599eV WF=4.000eV Ck=XL Det=MCD Ent=6x12mm Exit=4mm
2650
2594
2756
2873
2959
3154
3331
3549
4014
4528
5068
5577
5406
4881
4304
3676
3125
2958
2616
2492
2254
2206
2131
2102
2142
