Ag(111) limpa 3d e 3p
   371.00003   366.00003    -0.20000     1.00000     0.30000    26    30.0
LO MagPE 30.000KE/1  Ex=1486.599eV WF=4.000eV Ck=XL Det=MCD Ent=6x12mm Exit=4mm
5728
6192
6505
7159
7994
9216
11012
14036
18392
24272
32009
39198
44229
43639
38524
30146
20800
13941
9478
7217
5673
4708
4226
3863
3548
3419
   579.00006   567.00006    -0.50000     1.00000     0.30000    25    30.0
LO MagPE 30.000KE/1  Ex=1486.599eV WF=4.000eV Ck=XL Det=MCD Ent=6x12mm Exit=4mm
7608
7841
8126
8302
8703
8996
9528
10599
11610
13203
14829
15778
15384
13971
12192
10468
9169
8007
7683
7178
6698
6564
6416
6266
6117
