Ag(111) limpa 3d e 3p
   371.00003   366.00003    -0.20000     1.00000     0.30000    26    30.0
LO MagPE 30.000KE/1  Ex=1486.599eV WF=4.000eV Ck=XL Det=MCD Ent=6x12mm Exit=4mm
2005
1966
2045
2244
2487
2982
3498
4214
5556
7236
9333
11755
13294
13427
11852
9224
6383
4032
2970
2260
1843
1561
1346
1239
1172
1151
   579.00006   567.00006    -0.50000     1.00000     0.30000    25    30.0
LO MagPE 30.000KE/1  Ex=1486.599eV WF=4.000eV Ck=XL Det=MCD Ent=6x12mm Exit=4mm
2642
2812
2810
2941
3026
2983
3183
3482
3854
4250
4516
4719
4630
4176
3624
3018
2777
2345
2316
2141
2074
2034
2111
1988
1863
