Ag(111) limpa 3d e 3p
   371.00003   366.00003    -0.20000     1.00000     0.30000    26    30.0
LO MagPE 30.000KE/1  Ex=1486.599eV WF=4.000eV Ck=XL Det=MCD Ent=6x12mm Exit=4mm
4667
4997
5275
5722
6360
7323
8886
10826
14159
18654
24546
30060
33877
34524
30889
24213
16988
11345
7958
6033
4764
3998
3541
3257
2978
3015
   579.00006   567.00006    -0.50000     1.00000     0.30000    25    30.0
LO MagPE 30.000KE/1  Ex=1486.599eV WF=4.000eV Ck=XL Det=MCD Ent=6x12mm Exit=4mm
6861
7094
7244
7517
7719
7878
8391
8816
9767
10974
12268
12913
12909
11891
10498
8983
8074
7342
6705
6613
6118
6047
5801
5850
5606
