Ag(111) limpa 3d e 3p
   371.00003   366.00003    -0.20000     1.00000     0.30000    26    30.0
LO MagPE 30.000KE/1  Ex=1486.599eV WF=4.000eV Ck=XL Det=MCD Ent=6x12mm Exit=4mm
4570
4753
5298
5511
6169
7031
8426
10535
13613
18166
23773
29359
32961
33880
30614
23651
16478
11089
7616
5853
4566
3935
3394
3112
2906
2750
   579.00006   567.00006    -0.50000     1.00000     0.30000    25    30.0
LO MagPE 30.000KE/1  Ex=1486.599eV WF=4.000eV Ck=XL Det=MCD Ent=6x12mm Exit=4mm
6195
6294
6532
6741
6933
7247
7601
8154
8971
10344
11393
12332
12113
10988
9530
8083
7204
6526
5976
5650
5515
5254
5069
5073
5013
