Ag(111) limpa 3d e 3p
   371.00003   366.00003    -0.20000     1.00000     0.30000    26    30.0
LO MagPE 30.000KE/1  Ex=1486.599eV WF=4.000eV Ck=XL Det=MCD Ent=6x12mm Exit=4mm
5162
5397
5536
6209
6765
7814
9344
11464
15246
20277
26428
32911
38006
39366
35477
27997
19731
12982
8944
6640
5186
4335
3825
3421
3139
3023
   579.00006   567.00006    -0.50000     1.00000     0.30000    25    30.0
LO MagPE 30.000KE/1  Ex=1486.599eV WF=4.000eV Ck=XL Det=MCD Ent=6x12mm Exit=4mm
6416
6595
6896
7083
7339
7527
8092
9003
10156
11629
13086
13919
13764
12637
10765
8923
7723
7016
6295
5751
5484
5274
5162
5063
4949
