Ag(111) limpa 3d e 3p
   371.00003   366.00003    -0.20000     1.00000     0.30000    26    30.0
LO MagPE 30.000KE/1  Ex=1486.599eV WF=4.000eV Ck=XL Det=MCD Ent=6x12mm Exit=4mm
3935
4182
4350
4814
5224
5928
7097
8797
11280
14836
19422
24160
27577
28363
25613
20270
14226
9501
6581
4866
3883
3339
3021
2686
2492
2371
   579.00006   567.00006    -0.50000     1.00000     0.30000    25    30.0
LO MagPE 30.000KE/1  Ex=1486.599eV WF=4.000eV Ck=XL Det=MCD Ent=6x12mm Exit=4mm
5449
5581
5767
5950
5960
6186
6719
7046
7871
8480
9678
10012
10108
9167
8056
6832
6246
5549
5109
4935
4733
4528
4482
4342
4244
