Ag(111) limpa 3d e 3p
   371.00003   366.00003    -0.20000     1.00000     0.30000    26    30.0
LO MagPE 30.000KE/1  Ex=1486.599eV WF=4.000eV Ck=XL Det=MCD Ent=6x12mm Exit=4mm
1723
1738
1940
2047
2384
2628
3297
4186
5438
7264
9480
11396
12983
12821
11577
8833
6289
4153
2851
2081
1694
1434
1211
1077
975
976
   579.00006   567.00006    -0.50000     1.00000     0.30000    25    30.0
LO MagPE 30.000KE/1  Ex=1486.599eV WF=4.000eV Ck=XL Det=MCD Ent=6x12mm Exit=4mm
2473
2521
2456
2733
2820
2885
2994
3237
3608
4125
4659
4954
4883
4375
3891
3301
2791
2660
2443
2391
2105
2046
2126
2031
2003
