Ag(111) limpa 3d e 3p
   371.00003   366.00003    -0.20000     1.00000     0.30000    26    30.0
LO MagPE 30.000KE/1  Ex=1486.599eV WF=4.000eV Ck=XL Det=MCD Ent=6x12mm Exit=4mm
3270
3314
3420
3658
4110
4653
5624
6921
8688
11467
15062
18634
21588
21922
19724
15694
11090
7578
5037
3843
3181
2651
2311
2305
2030
1974
   579.00006   567.00006    -0.50000     1.00000     0.30000    25    30.0
LO MagPE 30.000KE/1  Ex=1486.599eV WF=4.000eV Ck=XL Det=MCD Ent=6x12mm Exit=4mm
4500
4480
4731
4831
4913
5137
5424
5773
6298
7030
7527
7849
7675
7221
6199
5674
4898
4465
4061
3925
3839
3717
3691
3611
3615
