Ag(111) limpa 3d e 3p
   371.00003   366.00003    -0.20000     1.00000     0.30000    26    30.0
LO MagPE 30.000KE/1  Ex=1486.599eV WF=4.000eV Ck=XL Det=MCD Ent=6x12mm Exit=4mm
3656
3770
3978
4241
4714
5251
6304
7733
9814
13180
17101
21509
24497
25403
22868
18061
12811
8593
5889
4403
3640
3099
2681
2506
2317
2258
   579.00006   567.00006    -0.50000     1.00000     0.30000    25    30.0
LO MagPE 30.000KE/1  Ex=1486.599eV WF=4.000eV Ck=XL Det=MCD Ent=6x12mm Exit=4mm
5172
5287
5369
5520
5784
5913
6151
6493
7021
7908
8560
9039
9012
8284
7283
6267
5523
5025
4620
4630
4244
4117
4151
4101
3972
