Ag(111) limpa 3d e 3p
   371.00003   366.00003    -0.20000     1.00000     0.30000    26    30.0
LO MagPE 30.000KE/1  Ex=1486.599eV WF=4.000eV Ck=XL Det=MCD Ent=6x12mm Exit=4mm
2015
2159
2180
2410
2832
3368
3987
5297
6891
9298
12192
14814
16352
15968
13863
10520
7114
4692
3252
2380
1896
1611
1387
1224
1196
1093
   579.00006   567.00006    -0.50000     1.00000     0.30000    25    30.0
LO MagPE 30.000KE/1  Ex=1486.599eV WF=4.000eV Ck=XL Det=MCD Ent=6x12mm Exit=4mm
2522
2637
2777
2876
2895
3080
3327
3717
4093
4750
5477
5720
5770
5223
4217
3668
3194
2872
2626
2352
2219
2162
2061
2041
2032
