Ag(111) limpa 3d e 3p
   371.00003   366.00003    -0.20000     1.00000     0.30000    26    30.0
LO MagPE 30.000KE/1  Ex=1486.599eV WF=4.000eV Ck=XL Det=MCD Ent=6x12mm Exit=4mm
1527
1684
1801
2036
2186
2679
3246
4291
5441
7139
9581
11526
12723
12704
11057
8485
5843
3863
2602
1982
1611
1362
1115
1081
947
877
   579.00006   567.00006    -0.50000     1.00000     0.30000    25    30.0
LO MagPE 30.000KE/1  Ex=1486.599eV WF=4.000eV Ck=XL Det=MCD Ent=6x12mm Exit=4mm
2128
2194
2252
2342
2383
2620
2793
3037
3406
3755
4205
4441
4413
4076
3431
2965
2597
2360
2151
2012
2012
1836
1741
1837
1675
