Ag(111) limpa 3d e 3p
   371.00003   366.00003    -0.20000     1.00000     0.30000    26    30.0
LO MagPE 30.000KE/1  Ex=1486.599eV WF=4.000eV Ck=XL Det=MCD Ent=6x12mm Exit=4mm
5052
5324
5636
6229
6829
7933
9399
11617
15113
20127
26319
32436
36700
37065
33412
25988
18263
12145
8445
6084
5121
4254
3793
3419
3233
3137
   579.00006   567.00006    -0.50000     1.00000     0.30000    25    30.0
LO MagPE 30.000KE/1  Ex=1486.599eV WF=4.000eV Ck=XL Det=MCD Ent=6x12mm Exit=4mm
6863
6961
7209
7383
7514
8007
8415
9041
10113
11462
12843
13397
13171
12135
10471
8897
8114
7083
6866
6332
5921
5839
5682
5645
5605
