Ag(111) limpa 3d e 3p
   371.00003   366.00003    -0.20000     1.00000     0.30000    26    30.0
LO MagPE 30.000KE/1  Ex=1486.599eV WF=4.000eV Ck=XL Det=MCD Ent=6x12mm Exit=4mm
4966
5247
5511
6110
6852
7745
9146
11699
15146
19847
26094
32158
36297
36852
32950
25983
18187
12176
8305
6252
4999
4208
3832
3463
3178
3010
   579.00006   567.00006    -0.50000     1.00000     0.30000    25    30.0
LO MagPE 30.000KE/1  Ex=1486.599eV WF=4.000eV Ck=XL Det=MCD Ent=6x12mm Exit=4mm
6650
6873
7112
7168
7645
7967
8458
9071
9854
11185
12425
13370
13403
12237
10435
8930
7969
7105
6647
6252
5995
5739
5588
5471
5368
