Ag(111) limpa 3d e 3p
   371.00003   366.00003    -0.20000     1.00000     0.30000    26    30.0
LO MagPE 30.000KE/1  Ex=1486.599eV WF=4.000eV Ck=XL Det=MCD Ent=6x12mm Exit=4mm
4739
5097
5233
5901
6505
7587
9089
11440
14888
19756
25424
31009
34783
34566
30820
24016
16677
11202
7669
5991
4665
4083
3428
3242
2996
2866
   579.00006   567.00006    -0.50000     1.00000     0.30000    25    30.0
LO MagPE 30.000KE/1  Ex=1486.599eV WF=4.000eV Ck=XL Det=MCD Ent=6x12mm Exit=4mm
6647
6905
7050
7134
7542
7627
8146
8753
9747
11062
12002
12747
12567
11556
9986
8576
7580
6864
6532
6076
5826
5713
5627
5427
5347
