Ag(111) limpa 3d e 3p
   371.00003   366.00003    -0.20000     1.00000     0.30000    26    30.0
LO MagPE 30.000KE/1  Ex=1486.599eV WF=4.000eV Ck=XL Det=MCD Ent=6x12mm Exit=4mm
3594
3595
4038
4194
4693
5381
6154
7585
10037
13055
16745
20215
23294
23868
21203
16828
11987
8049
5538
4197
3446
3066
2662
2455
2358
2310
   579.00006   567.00006    -0.50000     1.00000     0.30000    25    30.0
LO MagPE 30.000KE/1  Ex=1486.599eV WF=4.000eV Ck=XL Det=MCD Ent=6x12mm Exit=4mm
5263
5472
5566
5670
5714
6181
6221
6759
7494
8266
8879
9202
9056
8304
7421
6434
5599
5178
4869
4617
4372
4304
4150
4122
4028
