Ag(111) limpa 3d e 3p
   371.00003   366.00003    -0.20000     1.00000     0.30000    26    30.0
LO MagPE 30.000KE/1  Ex=1486.599eV WF=4.000eV Ck=XL Det=MCD Ent=6x12mm Exit=4mm
4580
4813
5162
5551
6247
7072
8540
10909
14146
18719
24569
30225
34270
34583
30473
23631
16437
10777
7494
5760
4524
3773
3406
3053
2870
2731
   579.00006   567.00006    -0.50000     1.00000     0.30000    25    30.0
LO MagPE 30.000KE/1  Ex=1486.599eV WF=4.000eV Ck=XL Det=MCD Ent=6x12mm Exit=4mm
6055
6101
6059
6477
6610
6883
7189
7918
8792
10129
11277
12114
11959
10606
9053
7807
6788
6066
5500
5220
4963
4753
4632
4448
4541
