Ag(111) limpa 3d e 3p
   371.00003   366.00003    -0.20000     1.00000     0.30000    26    30.0
LO MagPE 30.000KE/1  Ex=1486.599eV WF=4.000eV Ck=XL Det=MCD Ent=6x12mm Exit=4mm
1707
1847
1931
1955
2336
2483
2933
3617
4673
6188
7941
9648
10803
10633
9445
7161
4875
3339
2395
1776
1564
1376
1153
1140
1032
1142
   579.00006   567.00006    -0.50000     1.00000     0.30000    25    30.0
LO MagPE 30.000KE/1  Ex=1486.599eV WF=4.000eV Ck=XL Det=MCD Ent=6x12mm Exit=4mm
2710
2726
2873
3009
3059
3217
3191
3367
3669
4100
4169
4137
3978
3697
3177
2707
2464
2191
2079
1997
1927
1936
1889
1791
1756
