Ag(111) limpa 3d e 3p
   371.00003   366.00003    -0.20000     1.00000     0.30000    26    30.0
LO MagPE 30.000KE/1  Ex=1486.599eV WF=4.000eV Ck=XL Det=MCD Ent=6x12mm Exit=4mm
1845
1948
2045
2285
2389
2791
3294
4069
5272
6955
9012
11308
12471
12500
11251
8553
5942
4012
2877
2146
1730
1538
1307
1305
1187
1147
   579.00006   567.00006    -0.50000     1.00000     0.30000    25    30.0
LO MagPE 30.000KE/1  Ex=1486.599eV WF=4.000eV Ck=XL Det=MCD Ent=6x12mm Exit=4mm
2503
2593
2697
2755
2781
2860
3017
3304
3606
3995
4102
4339
4305
3860
3319
2981
2664
2456
2280
2064
2059
1994
1981
1982
1933
