Ag(111) limpa 3d e 3p
   371.00003   366.00003    -0.20000     1.00000     0.30000    26    30.0
LO MagPE 30.000KE/1  Ex=1486.599eV WF=4.000eV Ck=XL Det=MCD Ent=6x12mm Exit=4mm
6406
6739
7235
7979
9061
10171
12462
15719
20637
28089
35939
44461
50365
50163
44327
34869
23930
15968
10860
8060
6395
5297
4625
4275
3930
3829
   579.00006   567.00006    -0.50000     1.00000     0.30000    25    30.0
LO MagPE 30.000KE/1  Ex=1486.599eV WF=4.000eV Ck=XL Det=MCD Ent=6x12mm Exit=4mm
7912
8180
8498
8603
8951
9483
10277
11104
12524
14322
16147
17185
17028
15432
13143
11113
9607
8426
7849
7281
6820
6585
6414
6157
6047
