Ag(111) limpa 3d e 3p
   371.00003   366.00003    -0.20000     1.00000     0.30000    26    30.0
LO MagPE 30.000KE/1  Ex=1486.599eV WF=4.000eV Ck=XL Det=MCD Ent=6x12mm Exit=4mm
4441
4596
5009
5443
6010
6981
8236
10234
13366
17172
22514
27992
31758
31957
28650
23009
16211
10810
7551
5662
4611
3883
3406
3106
3020
2858
   579.00006   567.00006    -0.50000     1.00000     0.30000    25    30.0
LO MagPE 30.000KE/1  Ex=1486.599eV WF=4.000eV Ck=XL Det=MCD Ent=6x12mm Exit=4mm
6776
6806
6997
7389
7308
7691
8065
8545
9521
10690
11841
12549
12503
11459
9904
8785
7938
7049
6508
6189
5979
5883
5712
5572
5415
