Ag(111) limpa 3d e 3p
   371.00003   366.00003    -0.20000     1.00000     0.30000    26    30.0
LO MagPE 30.000KE/1  Ex=1486.599eV WF=4.000eV Ck=XL Det=MCD Ent=6x12mm Exit=4mm
5988
6439
6759
7533
8572
9881
11975
15050
19715
26442
34331
42231
47812
48237
43038
33723
23506
15244
10737
8035
6222
5170
4694
4077
3889
3603
   579.00006   567.00006    -0.50000     1.00000     0.30000    25    30.0
LO MagPE 30.000KE/1  Ex=1486.599eV WF=4.000eV Ck=XL Det=MCD Ent=6x12mm Exit=4mm
7611
7699
7889
8269
8680
9403
9891
10850
12182
14206
15858
17035
17074
15315
13151
10961
9450
8325
7650
6990
6618
6346
6258
6060
5925
