Ag(111) limpa 3d e 3p
   371.00003   366.00003    -0.20000     1.00000     0.30000    26    30.0
LO MagPE 30.000KE/1  Ex=1486.599eV WF=4.000eV Ck=XL Det=MCD Ent=6x12mm Exit=4mm
2028
2258
2404
2568
2800
3216
3707
4936
6289
8317
10981
13591
15205
15315
13680
10488
7291
4800
3343
2570
2057
1694
1532
1395
1330
1246
   579.00006   567.00006    -0.50000     1.00000     0.30000    25    30.0
LO MagPE 30.000KE/1  Ex=1486.599eV WF=4.000eV Ck=XL Det=MCD Ent=6x12mm Exit=4mm
2898
2836
2939
3022
3122
3067
3294
3634
4112
4522
4912
5115
4892
4521
3856
3336
2845
2600
2456
2217
2120
2064
2027
2050
1864
