Ag(111) limpa 3d e 3p
   371.00003   366.00003    -0.20000     1.00000     0.30000    26    30.0
LO MagPE 30.000KE/1  Ex=1486.599eV WF=4.000eV Ck=XL Det=MCD Ent=6x12mm Exit=4mm
5913
6332
6829
7436
8542
9747
11554
14866
19433
25884
33825
41493
47219
47260
41890
32982
23062
14997
10259
7720
6010
5133
4466
4076
3622
3573
   579.00006   567.00006    -0.50000     1.00000     0.30000    25    30.0
LO MagPE 30.000KE/1  Ex=1486.599eV WF=4.000eV Ck=XL Det=MCD Ent=6x12mm Exit=4mm
7915
7887
8123
8427
8706
9020
9649
10657
11813
13621
15220
16275
15931
14502
12324
10793
9427
8436
7756
7103
7036
6529
6420
6195
6208
