Ag(111) limpa 3d e 3p
   371.00003   366.00003    -0.20000     1.00000     0.30000    26    30.0
LO MagPE 30.000KE/1  Ex=1486.599eV WF=4.000eV Ck=XL Det=MCD Ent=6x12mm Exit=4mm
1937
2019
2154
2482
2621
3150
3876
4853
6435
8823
11683
14116
16047
16152
14221
11094
7483
5017
3494
2380
2012
1637
1448
1238
1166
1136
   579.00006   567.00006    -0.50000     1.00000     0.30000    25    30.0
LO MagPE 30.000KE/1  Ex=1486.599eV WF=4.000eV Ck=XL Det=MCD Ent=6x12mm Exit=4mm
2564
2489
2653
2709
2740
2880
3162
3500
4123
4526
5165
5644
5511
4970
4141
3539
3077
2737
2417
2308
2161
2105
2118
2141
1883
