Ag(111) limpa 3d e 3p
   371.00003   366.00003    -0.20000     1.00000     0.30000    26    30.0
LO MagPE 30.000KE/1  Ex=1486.599eV WF=4.000eV Ck=XL Det=MCD Ent=6x12mm Exit=4mm
5297
5581
6052
6447
7378
8365
9924
12664
16420
21732
28277
34769
39370
39895
35990
27970
19525
13006
9074
6642
5383
4447
3973
3555
3207
3257
   579.00006   567.00006    -0.50000     1.00000     0.30000    25    30.0
LO MagPE 30.000KE/1  Ex=1486.599eV WF=4.000eV Ck=XL Det=MCD Ent=6x12mm Exit=4mm
7017
7302
7334
7596
7886
8326
8627
9482
10315
11824
13408
14137
13933
12728
11024
9303
8203
7282
6726
6415
6128
5826
5568
5567
5496
