Ag(111) limpa 3d e 3p
   371.00003   366.00003    -0.20000     1.00000     0.30000    26    30.0
LO MagPE 30.000KE/1  Ex=1486.599eV WF=4.000eV Ck=XL Det=MCD Ent=6x12mm Exit=4mm
5494
5679
6101
6727
7217
8555
10335
12996
16707
22059
28951
35675
39960
40367
36069
27976
19498
12844
8987
6761
5466
4518
3988
3601
3374
3215
   579.00006   567.00006    -0.50000     1.00000     0.30000    25    30.0
LO MagPE 30.000KE/1  Ex=1486.599eV WF=4.000eV Ck=XL Det=MCD Ent=6x12mm Exit=4mm
6943
7112
7581
7710
7915
8045
8830
9521
10658
12023
13682
14587
14329
12900
11328
9505
8319
7382
6737
6322
5988
5900
5774
5531
5427
