Ag(111) limpa 3d e 3p
   371.00003   366.00003    -0.20000     1.00000     0.30000    26    30.0
LO MagPE 30.000KE/1  Ex=1486.599eV WF=4.000eV Ck=XL Det=MCD Ent=6x12mm Exit=4mm
1818
1919
2138
2274
2655
3107
3736
4917
6449
8582
11041
13705
15087
14880
12966
9908
6749
4549
3138
2281
1860
1529
1344
1201
1173
1066
   579.00006   567.00006    -0.50000     1.00000     0.30000    25    30.0
LO MagPE 30.000KE/1  Ex=1486.599eV WF=4.000eV Ck=XL Det=MCD Ent=6x12mm Exit=4mm
2466
2609
2675
2739
2860
3034
3108
3425
3902
4564
5014
5299
5257
4686
4110
3417
2980
2688
2423
2306
2279
2095
2054
1982
1926
