Ag(111) limpa 3d e 3p
   371.00003   366.00003    -0.20000     1.00000     0.30000    26    30.0
LO MagPE 30.000KE/1  Ex=1486.599eV WF=4.000eV Ck=XL Det=MCD Ent=6x12mm Exit=4mm
4824
5080
5431
5875
6524
7427
9021
11129
14281
18988
24535
30135
34191
34988
31123
24434
17232
11488
7956
6149
4918
4139
3647
3337
3131
2916
   579.00006   567.00006    -0.50000     1.00000     0.30000    25    30.0
LO MagPE 30.000KE/1  Ex=1486.599eV WF=4.000eV Ck=XL Det=MCD Ent=6x12mm Exit=4mm
6925
7035
7259
7577
7662
8255
8646
9370
10531
11888
13163
13752
13679
12656
11112
9456
8112
7276
6872
6232
5944
5971
5748
5569
5455
