Ag(111) limpa 3d e 3p
   371.00003   366.00003    -0.20000     1.00000     0.30000    26    30.0
LO MagPE 30.000KE/1  Ex=1486.599eV WF=4.000eV Ck=XL Det=MCD Ent=6x12mm Exit=4mm
1901
2140
2302
2590
2912
3402
4010
5218
7083
9345
12447
15213
16837
17004
14854
11249
7662
4993
3471
2507
1916
1647
1411
1296
1163
1084
   579.00006   567.00006    -0.50000     1.00000     0.30000    25    30.0
LO MagPE 30.000KE/1  Ex=1486.599eV WF=4.000eV Ck=XL Det=MCD Ent=6x12mm Exit=4mm
2428
2414
2515
2539
2620
2879
2956
3318
3872
4454
5043
5323
5267
4701
4058
3493
2780
2594
2260
2105
1909
1866
1967
1753
1814
