Ag(111) limpa 3d e 3p
   371.00003   366.00003    -0.20000     1.00000     0.30000    26    30.0
LO MagPE 30.000KE/1  Ex=1486.599eV WF=4.000eV Ck=XL Det=MCD Ent=6x12mm Exit=4mm
5150
5347
5768
6138
6923
8079
9644
12216
16006
21077
27306
34101
39247
39215
35339
26967
18676
12343
8575
6259
4858
4290
3759
3381
3207
2973
   579.00006   567.00006    -0.50000     1.00000     0.30000    25    30.0
LO MagPE 30.000KE/1  Ex=1486.599eV WF=4.000eV Ck=XL Det=MCD Ent=6x12mm Exit=4mm
5982
6009
6340
6478
6782
7138
7452
8105
9115
10390
11828
12667
12443
11167
9739
8268
6956
6091
5601
5287
4877
4715
4686
4637
4438
