Ag(111) limpa 3d e 3p
   371.00003   366.00003    -0.20000     1.00000     0.30000    26    30.0
LO MagPE 30.000KE/1  Ex=1486.599eV WF=4.000eV Ck=XL Det=MCD Ent=6x12mm Exit=4mm
1652
1800
1889
2157
2453
2695
3460
4401
5624
7843
10034
12308
13739
13789
12171
9384
6539
4225
2926
2122
1707
1493
1250
1124
1085
983
   579.00006   567.00006    -0.50000     1.00000     0.30000    25    30.0
LO MagPE 30.000KE/1  Ex=1486.599eV WF=4.000eV Ck=XL Det=MCD Ent=6x12mm Exit=4mm
2332
2444
2520
2573
2538
2869
3010
3377
3581
4139
4616
5006
4978
4553
3842
3250
2843
2608
2378
2246
2059
2063
1947
1914
1952
