Ag(111) limpa 3d e 3p
   371.00003   366.00003    -0.20000     1.00000     0.30000    26    30.0
LO MagPE 30.000KE/1  Ex=1486.599eV WF=4.000eV Ck=XL Det=MCD Ent=6x12mm Exit=4mm
1712
1846
1983
2221
2471
2953
3580
4536
5820
7960
10192
12640
14048
14007
12634
9686
6748
4440
3115
2244
1866
1556
1315
1145
1122
1061
   579.00006   567.00006    -0.50000     1.00000     0.30000    25    30.0
LO MagPE 30.000KE/1  Ex=1486.599eV WF=4.000eV Ck=XL Det=MCD Ent=6x12mm Exit=4mm
2434
2423
2499
2605
2712
2859
3012
3294
3714
4282
4759
5118
4907
4546
3908
3299
2908
2645
2441
2368
2132
2111
2038
1964
1978
