Ag(111) limpa 3d e 3p
   371.00003   366.00003    -0.20000     1.00000     0.30000    26    30.0
LO MagPE 30.000KE/1  Ex=1486.599eV WF=4.000eV Ck=XL Det=MCD Ent=6x12mm Exit=4mm
3829
4207
4168
4496
5068
5588
6741
8326
10664
14027
18383
22935
26144
27063
24400
19301
13517
8901
6363
4733
3805
3245
2874
2611
2470
2347
   579.00006   567.00006    -0.50000     1.00000     0.30000    25    30.0
LO MagPE 30.000KE/1  Ex=1486.599eV WF=4.000eV Ck=XL Det=MCD Ent=6x12mm Exit=4mm
5513
5526
5748
5725
5904
6218
6537
6914
7575
8629
9438
10013
9833
8957
7666
6782
5944
5523
5003
4741
4622
4408
4526
4151
4218
