Ag(111) limpa 3d e 3p
   371.00003   366.00003    -0.20000     1.00000     0.30000    26    30.0
LO MagPE 30.000KE/1  Ex=1486.599eV WF=4.000eV Ck=XL Det=MCD Ent=6x12mm Exit=4mm
5608
5940
6400
7015
7794
9023
10651
13262
17503
23662
30529
37609
43287
44070
39021
30870
21472
14114
9689
7352
5626
4876
4170
3812
3482
3412
   579.00006   567.00006    -0.50000     1.00000     0.30000    25    30.0
LO MagPE 30.000KE/1  Ex=1486.599eV WF=4.000eV Ck=XL Det=MCD Ent=6x12mm Exit=4mm
7456
7463
7724
8102
8238
8528
9183
9919
11150
12773
14447
15277
15194
13728
11802
10170
8761
7734
7016
6699
6358
6079
5950
5779
5702
