Ag(111) limpa 3d e 3p
   371.00003   366.00003    -0.20000     1.00000     0.30000    26    30.0
LO MagPE 30.000KE/1  Ex=1486.599eV WF=4.000eV Ck=XL Det=MCD Ent=6x12mm Exit=4mm
4466
4548
4845
5109
5916
6608
8087
10080
13046
17140
22614
27937
31014
31657
27957
21654
15212
9889
6941
5196
4327
3601
3151
2816
2648
2565
   579.00006   567.00006    -0.50000     1.00000     0.30000    25    30.0
LO MagPE 30.000KE/1  Ex=1486.599eV WF=4.000eV Ck=XL Det=MCD Ent=6x12mm Exit=4mm
5589
5909
5871
6217
6284
6441
6936
7399
8224
9355
10347
10789
10956
9757
8553
7417
6350
5828
5259
5150
4786
4621
4494
4486
4198
