Ag(111) limpa 3d e 3p
   371.00003   366.00003    -0.20000     1.00000     0.30000    26    30.0
LO MagPE 30.000KE/1  Ex=1486.599eV WF=4.000eV Ck=XL Det=MCD Ent=6x12mm Exit=4mm
5568
5877
6365
6848
7713
8925
10837
13652
17848
23652
31277
38419
43691
44255
39521
30750
21434
14421
9980
7432
5749
4907
4372
3889
3599
3420
   579.00006   567.00006    -0.50000     1.00000     0.30000    25    30.0
LO MagPE 30.000KE/1  Ex=1486.599eV WF=4.000eV Ck=XL Det=MCD Ent=6x12mm Exit=4mm
7722
7903
8119
8292
8632
8901
9511
10369
11890
13415
14559
15563
15644
14089
12309
10481
9215
8172
7525
7171
6807
6602
6430
6177
6225
