Ag(111) limpa 3d e 3p
   371.00003   366.00003    -0.20000     1.00000     0.30000    26    30.0
LO MagPE 30.000KE/1  Ex=1486.599eV WF=4.000eV Ck=XL Det=MCD Ent=6x12mm Exit=4mm
1642
1780
1902
2068
2302
2759
3382
4196
5591
7493
9739
11691
13163
13160
11451
8950
6114
4159
2849
2046
1600
1459
1194
1089
1014
1007
   579.00006   567.00006    -0.50000     1.00000     0.30000    25    30.0
LO MagPE 30.000KE/1  Ex=1486.599eV WF=4.000eV Ck=XL Det=MCD Ent=6x12mm Exit=4mm
2475
2459
2525
2535
2723
2821
2976
3266
3676
4257
4623
4827
4845
4343
3870
3421
2842
2591
2428
2220
2184
2097
2005
1916
1903
