Ag(111) limpa 3d e 3p
   371.00003   366.00003    -0.20000     1.00000     0.30000    26    30.0
LO MagPE 30.000KE/1  Ex=1486.599eV WF=4.000eV Ck=XL Det=MCD Ent=6x12mm Exit=4mm
2466
2484
2688
3106
3422
4189
4779
6282
8368
11415
14775
18376
20712
20524
18129
13896
9709
6305
4249
3151
2478
2020
1767
1560
1489
1299
   579.00006   567.00006    -0.50000     1.00000     0.30000    25    30.0
LO MagPE 30.000KE/1  Ex=1486.599eV WF=4.000eV Ck=XL Det=MCD Ent=6x12mm Exit=4mm
2733
2744
2906
2889
3187
3358
3747
4135
4765
5419
6227
6750
6674
6056
4986
4227
3412
3100
2710
2518
2299
2279
2168
2049
2081
