Ag(111) limpa 3d e 3p
   371.00003   366.00003    -0.20000     1.00000     0.30000    26    30.0
LO MagPE 30.000KE/1  Ex=1486.599eV WF=4.000eV Ck=XL Det=MCD Ent=6x12mm Exit=4mm
1601
1573
1640
1843
2047
2232
2600
3378
4299
5587
7281
8885
9958
9979
8671
6653
4546
3041
2292
1751
1401
1269
1132
996
985
929
   579.00006   567.00006    -0.50000     1.00000     0.30000    25    30.0
LO MagPE 30.000KE/1  Ex=1486.599eV WF=4.000eV Ck=XL Det=MCD Ent=6x12mm Exit=4mm
2234
2298
2484
2452
2519
2561
2747
2912
3082
3607
3649
3784
3696
3248
2874
2511
2259
2043
1952
1773
1754
1827
1716
1713
1787
