Ag(111) limpa 3d e 3p
   371.00003   366.00003    -0.20000     1.00000     0.30000    26    30.0
LO MagPE 30.000KE/1  Ex=1486.599eV WF=4.000eV Ck=XL Det=MCD Ent=6x12mm Exit=4mm
1801
1903
1950
2187
2459
2805
3378
4358
5649
7601
9777
12164
13671
13781
12024
9559
6438
4245
2979
2150
1664
1477
1244
1120
1084
994
   579.00006   567.00006    -0.50000     1.00000     0.30000    25    30.0
LO MagPE 30.000KE/1  Ex=1486.599eV WF=4.000eV Ck=XL Det=MCD Ent=6x12mm Exit=4mm
2418
2483
2530
2569
2703
2816
3096
3266
3716
4056
4738
4973
4925
4520
3905
3331
2824
2692
2513
2374
2111
2039
2024
1912
1908
