Ag(111) limpa 3d e 3p
   371.00003   366.00003    -0.20000     1.00000     0.30000    26    30.0
LO MagPE 30.000KE/1  Ex=1486.599eV WF=4.000eV Ck=XL Det=MCD Ent=6x12mm Exit=4mm
3712
3823
4065
4386
5041
5570
6601
8165
10711
14104
18558
23426
26436
26635
24640
19229
13371
8833
6045
4556
3694
3018
2674
2485
2307
2230
   579.00006   567.00006    -0.50000     1.00000     0.30000    25    30.0
LO MagPE 30.000KE/1  Ex=1486.599eV WF=4.000eV Ck=XL Det=MCD Ent=6x12mm Exit=4mm
4840
4764
4985
5229
5427
5608
5945
6340
7106
8109
8593
9534
9373
8309
7142
6230
5277
4817
4504
4153
3899
3737
3678
3694
3542
