Ag(111) limpa 3d e 3p
   371.00003   366.00003    -0.20000     1.00000     0.30000    26    30.0
LO MagPE 30.000KE/1  Ex=1486.599eV WF=4.000eV Ck=XL Det=MCD Ent=6x12mm Exit=4mm
7251
7620
8407
9209
10417
12092
14472
18696
24653
32958
43288
53045
60284
60576
53304
41643
28797
18783
12819
9443
7429
6231
5340
4796
4396
4331
   579.00006   567.00006    -0.50000     1.00000     0.30000    25    30.0
LO MagPE 30.000KE/1  Ex=1486.599eV WF=4.000eV Ck=XL Det=MCD Ent=6x12mm Exit=4mm
8316
8680
8976
9055
9692
10115
10784
12104
13827
15847
18363
20001
19473
17466
14666
12380
10688
9242
8179
7696
7256
6757
6584
6414
6173
