Ag(111) limpa 3d e 3p
   371.00003   366.00003    -0.20000     1.00000     0.30000    26    30.0
LO MagPE 30.000KE/1  Ex=1486.599eV WF=4.000eV Ck=XL Det=MCD Ent=6x12mm Exit=4mm
1615
1808
1978
2215
2381
2762
3440
4271
5670
7432
9716
11844
13489
13414
12002
9135
6476
4202
2942
2132
1757
1438
1257
1110
1056
978
   579.00006   567.00006    -0.50000     1.00000     0.30000    25    30.0
LO MagPE 30.000KE/1  Ex=1486.599eV WF=4.000eV Ck=XL Det=MCD Ent=6x12mm Exit=4mm
2465
2532
2569
2700
2754
2877
2941
3328
3699
4391
4724
5152
4957
4595
3902
3403
3056
2544
2498
2246
2258
2164
2004
2065
2053
