Ag(111) limpa 3d e 3p
   371.00003   366.00003    -0.20000     1.00000     0.30000    26    30.0
LO MagPE 30.000KE/1  Ex=1486.599eV WF=4.000eV Ck=XL Det=MCD Ent=6x12mm Exit=4mm
4855
4943
5064
5684
6335
7202
8549
10510
13694
18227
23514
29434
33157
34435
31287
24426
17290
11560
8027
5946
4652
4004
3565
3177
3088
2923
   579.00006   567.00006    -0.50000     1.00000     0.30000    25    30.0
LO MagPE 30.000KE/1  Ex=1486.599eV WF=4.000eV Ck=XL Det=MCD Ent=6x12mm Exit=4mm
6564
6785
6676
7141
7321
7465
7891
8583
9551
10425
11499
12311
11974
11219
9772
8685
7709
6882
6588
6022
5703
5760
5555
5520
5485
