Ag(111) limpa 3d e 3p
   371.00003   366.00003    -0.20000     1.00000     0.30000    26    30.0
LO MagPE 30.000KE/1  Ex=1486.599eV WF=4.000eV Ck=XL Det=MCD Ent=6x12mm Exit=4mm
5594
6047
6367
7042
7810
9162
11281
14007
18574
24422
32262
38830
43549
43230
38340
29536
20416
13793
9524
7067
5412
4794
4257
3727
3599
3369
   579.00006   567.00006    -0.50000     1.00000     0.30000    25    30.0
LO MagPE 30.000KE/1  Ex=1486.599eV WF=4.000eV Ck=XL Det=MCD Ent=6x12mm Exit=4mm
7689
7729
7905
8108
8585
8779
9429
10233
11016
12783
13966
14944
14994
13483
11726
10092
8846
7872
7572
7142
6791
6490
6397
6290
6216
