Ag(111) limpa 3d e 3p
   371.00003   366.00003    -0.20000     1.00000     0.30000    26    30.0
LO MagPE 30.000KE/1  Ex=1486.599eV WF=4.000eV Ck=XL Det=MCD Ent=6x12mm Exit=4mm
2262
2217
2390
2592
2910
3188
3905
4881
6306
8352
10843
13413
15259
15586
13855
10702
7196
4996
3503
2648
2113
1766
1596
1484
1323
1331
   579.00006   567.00006    -0.50000     1.00000     0.30000    25    30.0
LO MagPE 30.000KE/1  Ex=1486.599eV WF=4.000eV Ck=XL Det=MCD Ent=6x12mm Exit=4mm
2939
3076
3064
3171
3347
3364
3584
4003
4260
4944
5218
5494
5214
4793
4123
3608
3138
2873
2616
2467
2392
2288
2252
2207
2211
