Ag(111) limpa 3d e 3p
   371.00003   366.00003    -0.20000     1.00000     0.30000    26    30.0
LO MagPE 30.000KE/1  Ex=1486.599eV WF=4.000eV Ck=XL Det=MCD Ent=6x12mm Exit=4mm
5171
5408
5755
6255
6986
8028
9452
12005
15363
20319
27171
33572
38713
38923
35363
27808
19473
12875
8914
6699
5324
4510
3898
3564
3316
3141
   579.00006   567.00006    -0.50000     1.00000     0.30000    25    30.0
LO MagPE 30.000KE/1  Ex=1486.599eV WF=4.000eV Ck=XL Det=MCD Ent=6x12mm Exit=4mm
7063
7230
7339
7544
8011
8303
8666
9202
10340
11800
13213
14075
13893
12762
10859
9430
8363
7348
6833
6532
6324
5942
5895
5699
5697
