Ag(111) limpa 3d e 3p
   371.00003   366.00003    -0.20000     1.00000     0.30000    26    30.0
LO MagPE 30.000KE/1  Ex=1486.599eV WF=4.000eV Ck=XL Det=MCD Ent=6x12mm Exit=4mm
4586
4921
5312
5679
6503
7320
8858
11198
14216
19243
24662
30226
33961
34128
30655
23933
16468
11169
7880
5895
4692
4031
3482
3205
3012
3035
   579.00006   567.00006    -0.50000     1.00000     0.30000    25    30.0
LO MagPE 30.000KE/1  Ex=1486.599eV WF=4.000eV Ck=XL Det=MCD Ent=6x12mm Exit=4mm
7049
7125
7205
7594
7790
8032
8609
9104
10148
11420
12524
13138
13076
11898
10696
9225
8123
7532
6911
6732
6308
6143
5956
5944
5943
