Ag(111) limpa 3d e 3p
   371.00003   366.00003    -0.20000     1.00000     0.30000    26    30.0
LO MagPE 30.000KE/1  Ex=1486.599eV WF=4.000eV Ck=XL Det=MCD Ent=6x12mm Exit=4mm
1446
1623
1725
1960
2135
2510
3257
3959
5109
7227
9253
11170
12397
12572
10873
8355
5909
3901
2623
2020
1521
1272
1128
1112
957
866
   579.00006   567.00006    -0.50000     1.00000     0.30000    25    30.0
LO MagPE 30.000KE/1  Ex=1486.599eV WF=4.000eV Ck=XL Det=MCD Ent=6x12mm Exit=4mm
2004
2141
2153
2159
2424
2435
2605
2721
3167
3554
4045
4186
4190
3961
3338
2910
2504
2178
2022
1942
1883
1748
1744
1701
1731
