Ag(111) limpa 3d e 3p
   371.00003   366.00003    -0.20000     1.00000     0.30000    26    30.0
LO MagPE 30.000KE/1  Ex=1486.599eV WF=4.000eV Ck=XL Det=MCD Ent=6x12mm Exit=4mm
2135
2235
2321
2517
2949
3465
4246
5346
6860
9169
12124
14975
16916
16830
14939
11556
7874
5145
3593
2583
2124
1702
1389
1292
1235
1241
   579.00006   567.00006    -0.50000     1.00000     0.30000    25    30.0
LO MagPE 30.000KE/1  Ex=1486.599eV WF=4.000eV Ck=XL Det=MCD Ent=6x12mm Exit=4mm
2440
2538
2654
2765
2888
2847
3201
3548
3718
4384
4971
5439
5176
4760
4142
3468
3006
2692
2520
2346
2197
2187
2115
1989
2009
