Ag(111) limpa 3d e 3p
   371.00003   366.00003    -0.20000     1.00000     0.30000    26    30.0
LO MagPE 30.000KE/1  Ex=1486.599eV WF=4.000eV Ck=XL Det=MCD Ent=6x12mm Exit=4mm
5109
5289
5580
6022
6872
7883
9355
11981
15252
20402
26694
32624
36464
37306
33383
25923
18073
12045
8430
6200
5048
4260
3741
3393
3166
3067
   579.00006   567.00006    -0.50000     1.00000     0.30000    25    30.0
LO MagPE 30.000KE/1  Ex=1486.599eV WF=4.000eV Ck=XL Det=MCD Ent=6x12mm Exit=4mm
6753
6847
7145
7452
7410
7951
8319
9189
10158
11763
12873
13850
13852
12363
10596
9212
7968
7179
6619
6215
5936
5662
5470
5441
5470
