Ag(111) limpa 3d e 3p
   371.00003   366.00003    -0.20000     1.00000     0.30000    26    30.0
LO MagPE 30.000KE/1  Ex=1486.599eV WF=4.000eV Ck=XL Det=MCD Ent=6x12mm Exit=4mm
1830
1850
2078
2177
2549
2778
3237
3956
5262
6790
9223
10960
12328
12462
11182
8564
5830
3915
2855
2187
1742
1467
1317
1165
1235
1150
   579.00006   567.00006    -0.50000     1.00000     0.30000    25    30.0
LO MagPE 30.000KE/1  Ex=1486.599eV WF=4.000eV Ck=XL Det=MCD Ent=6x12mm Exit=4mm
2656
2743
2878
2997
3015
3055
3161
3503
3766
4108
4387
4384
4321
4033
3380
2992
2671
2407
2313
2222
2180
2095
2023
1913
1986
