Ag(111) limpa 3d e 3p
   371.00003   366.00003    -0.20000     1.00000     0.30000    26    30.0
LO MagPE 30.000KE/1  Ex=1486.599eV WF=4.000eV Ck=XL Det=MCD Ent=6x12mm Exit=4mm
5267
5580
5879
6419
7147
8245
10006
12489
16540
21908
28272
34697
39421
39831
34859
27572
19016
12766
8865
6697
5185
4519
3837
3695
3383
3194
   579.00006   567.00006    -0.50000     1.00000     0.30000    25    30.0
LO MagPE 30.000KE/1  Ex=1486.599eV WF=4.000eV Ck=XL Det=MCD Ent=6x12mm Exit=4mm
7224
7385
7574
7835
7969
8214
8756
9483
10635
11889
13277
14166
13920
12512
10999
9552
8433
7552
6986
6639
6296
6022
5997
5934
5770
