Ag(111) limpa 3d e 3p
   371.00003   366.00003    -0.20000     1.00000     0.30000    26    30.0
LO MagPE 30.000KE/1  Ex=1486.599eV WF=4.000eV Ck=XL Det=MCD Ent=6x12mm Exit=4mm
5983
6370
6936
7470
8434
9800
11920
14896
19701
26194
34454
42188
47525
47758
42234
32937
22771
15064
10398
7702
6057
5175
4416
4015
3773
3555
   579.00006   567.00006    -0.50000     1.00000     0.30000    25    30.0
LO MagPE 30.000KE/1  Ex=1486.599eV WF=4.000eV Ck=XL Det=MCD Ent=6x12mm Exit=4mm
7761
7920
8099
8446
8764
9247
10070
10787
12068
13638
15573
16867
16437
14908
12668
10787
9618
8377
7790
7232
6792
6513
6337
6233
6141
