Ag(111) limpa 3d e 3p
   371.00003   366.00003    -0.20000     1.00000     0.30000    26    30.0
LO MagPE 30.000KE/1  Ex=1486.599eV WF=4.000eV Ck=XL Det=MCD Ent=6x12mm Exit=4mm
1612
1658
1808
2004
2219
2610
3298
4290
5670
7462
9856
11845
12897
12912
11069
8396
5783
3799
2516
2001
1569
1321
1189
1032
985
961
   579.00006   567.00006    -0.50000     1.00000     0.30000    25    30.0
LO MagPE 30.000KE/1  Ex=1486.599eV WF=4.000eV Ck=XL Det=MCD Ent=6x12mm Exit=4mm
2206
2185
2220
2362
2342
2540
2693
2878
3218
3741
4186
4477
4566
4182
3405
2938
2657
2312
2147
1978
1911
1771
1856
1711
1733
