Ag(111) limpa 3d e 3p
   371.00003   366.00003    -0.20000     1.00000     0.30000    26    30.0
LO MagPE 30.000KE/1  Ex=1486.599eV WF=4.000eV Ck=XL Det=MCD Ent=6x12mm Exit=4mm
5393
5302
5904
6505
7089
8279
9929
12524
16165
21228
28134
34431
38855
39470
35218
27412
19708
13098
8973
6793
5278
4566
3977
3567
3406
3134
   579.00006   567.00006    -0.50000     1.00000     0.30000    25    30.0
LO MagPE 30.000KE/1  Ex=1486.599eV WF=4.000eV Ck=XL Det=MCD Ent=6x12mm Exit=4mm
7208
7421
7577
7738
7959
8528
8616
9608
10630
11894
13260
14415
14396
12990
11308
9598
8475
7599
6942
6539
6295
6218
5954
5797
5629
