Ag(111) limpa 3d e 3p
   371.00003   366.00003    -0.20000     1.00000     0.30000    26    30.0
LO MagPE 30.000KE/1  Ex=1486.599eV WF=4.000eV Ck=XL Det=MCD Ent=6x12mm Exit=4mm
5123
5448
5729
6132
6964
8115
9667
12043
15622
21046
27314
33321
37616
37843
33762
26321
18521
12375
8605
6335
5145
4226
3838
3489
3265
3058
   579.00006   567.00006    -0.50000     1.00000     0.30000    25    30.0
LO MagPE 30.000KE/1  Ex=1486.599eV WF=4.000eV Ck=XL Det=MCD Ent=6x12mm Exit=4mm
6913
7019
7327
7501
7952
8143
8690
9353
10648
12219
13512
14418
14196
12935
11149
9652
8193
7412
6812
6286
6131
5901
5800
5541
5375
