Ag(111) limpa 3d e 3p
   371.00003   366.00003    -0.20000     1.00000     0.30000    26    30.0
LO MagPE 30.000KE/1  Ex=1486.599eV WF=4.000eV Ck=XL Det=MCD Ent=6x12mm Exit=4mm
2400
2489
2782
2978
3267
3676
4404
5468
7194
9360
12358
15126
16828
17134
15085
11735
8039
5413
3704
2833
2260
1965
1822
1597
1429
1482
   579.00006   567.00006    -0.50000     1.00000     0.30000    25    30.0
LO MagPE 30.000KE/1  Ex=1486.599eV WF=4.000eV Ck=XL Det=MCD Ent=6x12mm Exit=4mm
3399
3507
3602
3687
3796
3927
4148
4494
4957
5511
5982
6329
5996
5261
4496
3850
3446
3055
2959
2648
2618
2430
2374
2346
2391
