Ag(111) limpa 3d e 3p
   371.00003   366.00003    -0.20000     1.00000     0.30000    26    30.0
LO MagPE 30.000KE/1  Ex=1486.599eV WF=4.000eV Ck=XL Det=MCD Ent=6x12mm Exit=4mm
3490
3711
3898
4239
4616
5401
6286
7739
9908
12925
17079
20963
23861
24477
22580
17558
12337
8533
5930
4472
3505
2974
2760
2365
2264
2229
   579.00006   567.00006    -0.50000     1.00000     0.30000    25    30.0
LO MagPE 30.000KE/1  Ex=1486.599eV WF=4.000eV Ck=XL Det=MCD Ent=6x12mm Exit=4mm
5075
5182
5405
5581
5669
5948
5952
6493
7209
7915
8905
9181
8751
8144
7154
6278
5546
5039
4761
4337
4188
4096
3904
3906
3987
