Ag(111) limpa 3d e 3p
   371.00003   366.00003    -0.20000     1.00000     0.30000    26    30.0
LO MagPE 30.000KE/1  Ex=1486.599eV WF=4.000eV Ck=XL Det=MCD Ent=6x12mm Exit=4mm
6799
7152
7533
8338
9530
11034
13279
17257
22216
29777
38637
47821
53443
54034
47571
36773
25454
16833
11512
8490
7073
5598
4894
4461
4004
3861
   579.00006   567.00006    -0.50000     1.00000     0.30000    25    30.0
LO MagPE 30.000KE/1  Ex=1486.599eV WF=4.000eV Ck=XL Det=MCD Ent=6x12mm Exit=4mm
7987
8067
8488
8635
8901
9432
10294
11362
12752
14513
16494
17754
17363
15922
13596
11292
9732
8622
7986
7197
7119
6845
6409
6299
6088
