Ag(111) limpa 3d e 3p
   371.00003   366.00003    -0.20000     1.00000     0.30000    26    30.0
LO MagPE 30.000KE/1  Ex=1486.599eV WF=4.000eV Ck=XL Det=MCD Ent=6x12mm Exit=4mm
4067
4076
4412
4757
5310
6102
7111
9004
11441
15210
20140
24516
28343
28992
26306
20424
14582
9693
6644
4897
4055
3495
2925
2788
2546
2503
   579.00006   567.00006    -0.50000     1.00000     0.30000    25    30.0
LO MagPE 30.000KE/1  Ex=1486.599eV WF=4.000eV Ck=XL Det=MCD Ent=6x12mm Exit=4mm
5565
5714
5675
5988
6203
6380
6701
7046
7871
8824
9614
10237
10373
9348
8312
7223
6212
5576
5133
4921
4896
4656
4457
4422
4328
