Ag(111) limpa 3d e 3p
   371.00003   366.00003    -0.20000     1.00000     0.30000    26    30.0
LO MagPE 30.000KE/1  Ex=1486.599eV WF=4.000eV Ck=XL Det=MCD Ent=6x12mm Exit=4mm
5132
5306
5604
6203
6768
7949
9407
11662
15143
20036
26108
33253
37165
39050
35469
28056
19711
12950
8917
6633
5152
4441
3863
3517
3267
3120
   579.00006   567.00006    -0.50000     1.00000     0.30000    25    30.0
LO MagPE 30.000KE/1  Ex=1486.599eV WF=4.000eV Ck=XL Det=MCD Ent=6x12mm Exit=4mm
6770
6831
7319
7325
7498
7808
8135
8940
9900
11368
12614
13432
13314
12213
10471
9150
8058
7138
6518
6155
5915
5713
5438
5293
5187
