Ag(111) limpa 3d e 3p
   371.00003   366.00003    -0.20000     1.00000     0.30000    26    30.0
LO MagPE 30.000KE/1  Ex=1486.599eV WF=4.000eV Ck=XL Det=MCD Ent=6x12mm Exit=4mm
4529
4873
5253
5619
6141
7032
8391
10441
13685
17745
23292
28645
33176
33641
30652
23813
17030
11443
7793
5847
4717
3998
3491
3230
3000
2899
   579.00006   567.00006    -0.50000     1.00000     0.30000    25    30.0
LO MagPE 30.000KE/1  Ex=1486.599eV WF=4.000eV Ck=XL Det=MCD Ent=6x12mm Exit=4mm
6627
6671
6991
7056
7415
7662
7966
8590
9588
10541
11639
12640
12460
11395
9981
8577
7552
6920
6268
6167
5799
5580
5580
5183
5215
