Ag(111) limpa 3d e 3p
   371.00003   366.00003    -0.20000     1.00000     0.30000    26    30.0
LO MagPE 30.000KE/1  Ex=1486.599eV WF=4.000eV Ck=XL Det=MCD Ent=6x12mm Exit=4mm
6731
7310
7643
8526
9568
10947
13281
17085
22766
30313
39649
48311
54783
54744
48349
37663
26278
17336
11993
8669
6934
5704
5010
4539
4152
4053
   579.00006   567.00006    -0.50000     1.00000     0.30000    25    30.0
LO MagPE 30.000KE/1  Ex=1486.599eV WF=4.000eV Ck=XL Det=MCD Ent=6x12mm Exit=4mm
7929
8305
8519
8777
9065
9691
10370
11523
12985
14949
16906
18074
17851
15977
13555
11601
10035
8872
7999
7385
7157
6702
6578
6330
6305
