Ag(111) limpa 3d e 3p
   371.00003   366.00003    -0.20000     1.00000     0.30000    26    30.0
LO MagPE 30.000KE/1  Ex=1486.599eV WF=4.000eV Ck=XL Det=MCD Ent=6x12mm Exit=4mm
2086
2239
2413
2703
3106
3635
4440
5634
7534
9960
13118
15957
17892
17319
15172
11645
8052
5271
3657
2609
2132
1861
1536
1347
1272
1305
   579.00006   567.00006    -0.50000     1.00000     0.30000    25    30.0
LO MagPE 30.000KE/1  Ex=1486.599eV WF=4.000eV Ck=XL Det=MCD Ent=6x12mm Exit=4mm
2770
2668
2841
2993
2976
3224
3458
3792
4249
4863
5587
6056
5693
5441
4671
3867
3307
2868
2625
2444
2357
2177
2263
2068
2130
