Ag(111) limpa 3d e 3p
   371.00003   366.00003    -0.20000     1.00000     0.30000    26    30.0
LO MagPE 30.000KE/1  Ex=1486.599eV WF=4.000eV Ck=XL Det=MCD Ent=6x12mm Exit=4mm
1771
1894
1996
2148
2480
3018
3648
4540
5944
7982
10534
12863
14162
14359
12496
9725
6715
4439
2938
2273
1763
1451
1253
1160
1055
999
   579.00006   567.00006    -0.50000     1.00000     0.30000    25    30.0
LO MagPE 30.000KE/1  Ex=1486.599eV WF=4.000eV Ck=XL Det=MCD Ent=6x12mm Exit=4mm
2425
2572
2678
2636
2746
2947
3062
3506
3859
4294
4837
5483
5195
4729
4024
3432
2919
2575
2474
2332
2253
2123
2037
1964
1998
