Ag(111) limpa 3d e 3p
   371.00003   366.00003    -0.20000     1.00000     0.30000    26    30.0
LO MagPE 30.000KE/1  Ex=1486.599eV WF=4.000eV Ck=XL Det=MCD Ent=6x12mm Exit=4mm
1792
1848
1960
2206
2454
2918
3591
4729
6140
8115
10603
12708
14287
13877
11879
9105
6389
4239
2826
2155
1722
1413
1226
1145
1029
1028
   579.00006   567.00006    -0.50000     1.00000     0.30000    25    30.0
LO MagPE 30.000KE/1  Ex=1486.599eV WF=4.000eV Ck=XL Det=MCD Ent=6x12mm Exit=4mm
2419
2443
2522
2546
2685
2933
3126
3405
3952
4472
4964
5225
5198
4523
4066
3344
2965
2619
2374
2196
2153
1979
1924
1914
1947
