Ag(111) limpa 3d e 3p
   371.00003   366.00003    -0.20000     1.00000     0.30000    26    30.0
LO MagPE 30.000KE/1  Ex=1486.599eV WF=4.000eV Ck=XL Det=MCD Ent=6x12mm Exit=4mm
1825
1925
2101
2110
2497
2719
3329
4055
5154
6964
9004
11030
12119
12279
10780
8467
5833
4015
2797
2152
1824
1582
1296
1228
1127
1170
   579.00006   567.00006    -0.50000     1.00000     0.30000    25    30.0
LO MagPE 30.000KE/1  Ex=1486.599eV WF=4.000eV Ck=XL Det=MCD Ent=6x12mm Exit=4mm
2780
2984
3006
3023
3129
3197
3271
3483
3880
4286
4385
4507
4434
4055
3490
3092
2759
2474
2365
2190
2088
2033
2077
1962
1931
