Ag(111) limpa 3d e 3p
   371.00003   366.00003    -0.20000     1.00000     0.30000    26    30.0
LO MagPE 30.000KE/1  Ex=1486.599eV WF=4.000eV Ck=XL Det=MCD Ent=6x12mm Exit=4mm
4768
4966
5500
5693
6556
7400
8981
11124
14545
19666
25426
31806
36480
36543
32687
25473
17716
11790
8192
6153
4723
4149
3491
3271
2937
2826
   579.00006   567.00006    -0.50000     1.00000     0.30000    25    30.0
LO MagPE 30.000KE/1  Ex=1486.599eV WF=4.000eV Ck=XL Det=MCD Ent=6x12mm Exit=4mm
5958
6194
6110
6639
6607
6845
7280
7973
8891
10107
11506
12331
12193
11018
9265
7933
6838
6016
5582
5197
4871
4693
4505
4314
4238
