Ag(111) limpa 3d e 3p
   371.00003   366.00003    -0.20000     1.00000     0.30000    26    30.0
LO MagPE 30.000KE/1  Ex=1486.599eV WF=4.000eV Ck=XL Det=MCD Ent=6x12mm Exit=4mm
5770
6227
6544
7133
8101
9248
11103
14120
18518
24741
32351
39497
44968
45169
40398
31735
22337
14669
10023
7516
5954
5049
4410
3916
3697
3524
   579.00006   567.00006    -0.50000     1.00000     0.30000    25    30.0
LO MagPE 30.000KE/1  Ex=1486.599eV WF=4.000eV Ck=XL Det=MCD Ent=6x12mm Exit=4mm
7549
7542
7890
8247
8174
8848
9416
10234
11496
13255
15068
15732
15832
14453
12140
10515
8959
8127
7321
6975
6439
6329
5900
5936
5714
