Ag(111) limpa 3d e 3p
   371.00003   366.00003    -0.20000     1.00000     0.30000    26    30.0
LO MagPE 30.000KE/1  Ex=1486.599eV WF=4.000eV Ck=XL Det=MCD Ent=6x12mm Exit=4mm
1700
1832
2089
2207
2516
3002
3474
4406
5664
7790
10184
12414
14194
14185
12508
9679
6717
4449
3077
2277
1789
1531
1296
1215
1131
1072
   579.00006   567.00006    -0.50000     1.00000     0.30000    25    30.0
LO MagPE 30.000KE/1  Ex=1486.599eV WF=4.000eV Ck=XL Det=MCD Ent=6x12mm Exit=4mm
2328
2451
2600
2585
2662
2835
3108
3372
3733
4143
4499
4977
4835
4453
3839
3247
2843
2572
2355
2206
2141
2019
1989
1917
1943
