Ag(111) limpa 3d e 3p
   371.00003   366.00003    -0.20000     1.00000     0.30000    26    30.0
LO MagPE 30.000KE/1  Ex=1486.599eV WF=4.000eV Ck=XL Det=MCD Ent=6x12mm Exit=4mm
6081
6604
6885
7480
8711
9843
11916
15373
20024
26547
34687
42858
48093
48279
43142
32963
22887
15332
10488
7907
6186
5134
4479
4038
3901
3627
   579.00006   567.00006    -0.50000     1.00000     0.30000    25    30.0
LO MagPE 30.000KE/1  Ex=1486.599eV WF=4.000eV Ck=XL Det=MCD Ent=6x12mm Exit=4mm
7713
7696
7952
8309
8650
9177
9644
10463
11558
13594
15187
16261
16102
14509
12570
10505
9195
8156
7560
6996
6653
6295
6045
6047
5836
