Ag(111) limpa 3d e 3p
   371.00003   366.00003    -0.20000     1.00000     0.30000    26    30.0
LO MagPE 30.000KE/1  Ex=1486.599eV WF=4.000eV Ck=XL Det=MCD Ent=6x12mm Exit=4mm
4568
4887
5308
5710
6331
7311
8721
10867
14108
18552
24030
29814
33614
34088
30670
24175
16712
11421
7845
5904
4652
4064
3395
3173
3045
2869
   579.00006   567.00006    -0.50000     1.00000     0.30000    25    30.0
LO MagPE 30.000KE/1  Ex=1486.599eV WF=4.000eV Ck=XL Det=MCD Ent=6x12mm Exit=4mm
6668
6766
6888
7118
7413
7382
8119
8580
9207
10548
11799
12367
12276
11235
10055
8464
7628
6892
6568
6011
5724
5629
5347
5447
5514
