Ag(111) limpa 3d e 3p
   371.00003   366.00003    -0.20000     1.00000     0.30000    26    30.0
LO MagPE 30.000KE/1  Ex=1486.599eV WF=4.000eV Ck=XL Det=MCD Ent=6x12mm Exit=4mm
5256
5517
5855
6047
6936
8045
9749
12479
16039
21107
27570
33597
38157
38186
33594
26463
18444
12384
8466
6400
5140
4332
3874
3494
3209
3021
   579.00006   567.00006    -0.50000     1.00000     0.30000    25    30.0
LO MagPE 30.000KE/1  Ex=1486.599eV WF=4.000eV Ck=XL Det=MCD Ent=6x12mm Exit=4mm
7297
7444
7569
7794
8175
8635
9012
9868
10946
12417
13951
14823
14674
13493
11441
9934
8796
7766
7237
6734
6230
6144
6099
5892
5826
