Ag(111) limpa 3d e 3p
   371.00003   366.00003    -0.20000     1.00000     0.30000    26    30.0
LO MagPE 30.000KE/1  Ex=1486.599eV WF=4.000eV Ck=XL Det=MCD Ent=6x12mm Exit=4mm
1957
2182
2259
2522
2838
3450
4034
5154
6816
9184
11906
14783
16440
16765
14558
11236
7909
5177
3435
2665
2037
1762
1422
1295
1231
1136
   579.00006   567.00006    -0.50000     1.00000     0.30000    25    30.0
LO MagPE 30.000KE/1  Ex=1486.599eV WF=4.000eV Ck=XL Det=MCD Ent=6x12mm Exit=4mm
2579
2742
2733
2829
3055
3078
3357
3630
3961
4741
5311
5815
5595
5097
4256
3711
3269
2781
2538
2362
2325
2198
2128
2082
2101
