Ag(111) limpa 3d e 3p
   371.00003   366.00003    -0.20000     1.00000     0.30000    26    30.0
LO MagPE 30.000KE/1  Ex=1486.599eV WF=4.000eV Ck=XL Det=MCD Ent=6x12mm Exit=4mm
2079
2149
2243
2462
2664
2981
3618
4416
5726
7672
9940
12207
13705
14059
12342
9768
6695
4716
3159
2449
1948
1711
1494
1347
1319
1246
   579.00006   567.00006    -0.50000     1.00000     0.30000    25    30.0
LO MagPE 30.000KE/1  Ex=1486.599eV WF=4.000eV Ck=XL Det=MCD Ent=6x12mm Exit=4mm
2849
2940
2959
3154
2992
3206
3368
3650
3963
4393
4797
4950
4887
4437
3878
3340
2981
2740
2587
2488
2326
2300
2159
2343
2156
