Ag(111) limpa 3d e 3p
   371.00003   366.00003    -0.20000     1.00000     0.30000    26    30.0
LO MagPE 30.000KE/1  Ex=1486.599eV WF=4.000eV Ck=XL Det=MCD Ent=6x12mm Exit=4mm
1656
1680
1793
1970
2099
2432
2855
3508
4424
5836
7677
9316
10496
10379
9020
6858
4627
3258
2328
1813
1422
1292
1178
1126
1013
1040
   579.00006   567.00006    -0.50000     1.00000     0.30000    25    30.0
LO MagPE 30.000KE/1  Ex=1486.599eV WF=4.000eV Ck=XL Det=MCD Ent=6x12mm Exit=4mm
2307
2401
2376
2582
2622
2701
2763
2923
3180
3599
3837
4040
3864
3505
3027
2718
2319
2079
1946
1968
1864
1883
1826
1781
1802
