Ag(111) limpa 3d e 3p
   371.00003   366.00003    -0.20000     1.00000     0.30000    26    30.0
LO MagPE 30.000KE/1  Ex=1486.599eV WF=4.000eV Ck=XL Det=MCD Ent=6x12mm Exit=4mm
2069
2145
2170
2521
2697
3120
3737
4603
5916
7665
10054
12551
14259
14412
13073
10083
7162
4670
3285
2413
2070
1733
1555
1448
1275
1256
   579.00006   567.00006    -0.50000     1.00000     0.30000    25    30.0
LO MagPE 30.000KE/1  Ex=1486.599eV WF=4.000eV Ck=XL Det=MCD Ent=6x12mm Exit=4mm
2894
2994
3093
3080
3220
3296
3398
3737
4114
4673
4833
4999
5091
4590
3993
3419
3003
2923
2605
2489
2403
2274
2325
2200
2112
