Ag(111) limpa 3d e 3p
   371.00003   366.00003    -0.20000     1.00000     0.30000    26    30.0
LO MagPE 30.000KE/1  Ex=1486.599eV WF=4.000eV Ck=XL Det=MCD Ent=6x12mm Exit=4mm
1791
1976
2156
2261
2687
3135
3782
4791
6476
8442
11178
13474
15173
15218
13055
10284
7208
4663
3145
2368
1908
1561
1323
1231
1149
1080
   579.00006   567.00006    -0.50000     1.00000     0.30000    25    30.0
LO MagPE 30.000KE/1  Ex=1486.599eV WF=4.000eV Ck=XL Det=MCD Ent=6x12mm Exit=4mm
2617
2513
2717
2677
2730
3029
3189
3392
3974
4506
5008
5473
5325
4810
4186
3493
2997
2667
2547
2256
2243
2122
2094
2092
2048
