Ag(111) limpa 3d e 3p
   371.00003   366.00003    -0.20000     1.00000     0.30000    26    30.0
LO MagPE 30.000KE/1  Ex=1486.599eV WF=4.000eV Ck=XL Det=MCD Ent=6x12mm Exit=4mm
1562
1747
1819
2004
2189
2591
3223
4062
5324
7036
9082
11034
12358
12647
10920
8371
5879
3999
2683
2013
1545
1260
1187
1092
994
910
   579.00006   567.00006    -0.50000     1.00000     0.30000    25    30.0
LO MagPE 30.000KE/1  Ex=1486.599eV WF=4.000eV Ck=XL Det=MCD Ent=6x12mm Exit=4mm
2406
2540
2514
2584
2685
2888
2988
3196
3570
4040
4374
4847
4669
4267
3841
3341
2805
2643
2391
2265
2202
2072
2123
1930
2004
