Ag(111) limpa 3d e 3p
   371.00003   366.00003    -0.20000     1.00000     0.30000    26    30.0
LO MagPE 30.000KE/1  Ex=1486.599eV WF=4.000eV Ck=XL Det=MCD Ent=6x12mm Exit=4mm
2133
2266
2449
2692
2950
3512
4221
5523
7247
9767
13073
16239
18048
18209
16015
12370
8420
5611
4004
2826
2252
1888
1565
1390
1255
1232
   579.00006   567.00006    -0.50000     1.00000     0.30000    25    30.0
LO MagPE 30.000KE/1  Ex=1486.599eV WF=4.000eV Ck=XL Det=MCD Ent=6x12mm Exit=4mm
2599
2706
2843
2806
2909
3160
3440
3803
4377
5032
5705
6184
6070
5448
4659
3833
3365
2961
2624
2405
2283
2149
2012
1980
1973
