Ag(111) limpa 3d e 3p
   371.00003   366.00003    -0.20000     1.00000     0.30000    26    30.0
LO MagPE 30.000KE/1  Ex=1486.599eV WF=4.000eV Ck=XL Det=MCD Ent=6x12mm Exit=4mm
5029
5333
5715
6306
6783
8058
9587
12079
15724
20655
26884
32761
36730
37209
33377
25811
18173
12141
8416
6391
4876
4323
3803
3485
3147
3080
   579.00006   567.00006    -0.50000     1.00000     0.30000    25    30.0
LO MagPE 30.000KE/1  Ex=1486.599eV WF=4.000eV Ck=XL Det=MCD Ent=6x12mm Exit=4mm
7142
7321
7355
7669
7827
8326
8584
9362
10386
11464
12974
14021
13700
12442
10825
9464
8231
7512
7093
6526
6351
5997
5994
5803
5634
