Ag(111) limpa 3d e 3p
   371.00003   366.00003    -0.20000     1.00000     0.30000    26    30.0
LO MagPE 30.000KE/1  Ex=1486.599eV WF=4.000eV Ck=XL Det=MCD Ent=6x12mm Exit=4mm
4886
5130
5357
6117
6624
7558
8870
11114
14085
18760
24609
30389
34698
35768
32298
25363
17682
11830
8245
6187
4796
4057
3590
3262
3122
2923
   579.00006   567.00006    -0.50000     1.00000     0.30000    25    30.0
LO MagPE 30.000KE/1  Ex=1486.599eV WF=4.000eV Ck=XL Det=MCD Ent=6x12mm Exit=4mm
6711
6522
6898
6893
7282
7671
8104
8614
9632
10965
12133
12783
12691
11741
9953
8739
7495
6760
6187
5899
5663
5508
5230
5253
5211
