Ag(111) limpa 3d e 3p
   371.00003   366.00003    -0.20000     1.00000     0.30000    26    30.0
LO MagPE 30.000KE/1  Ex=1486.599eV WF=4.000eV Ck=XL Det=MCD Ent=6x12mm Exit=4mm
4053
4274
4349
4966
5493
6128
7363
8895
11592
15533
20252
24750
28349
29567
26448
21129
14827
9853
6792
5100
3992
3519
3008
2781
2624
2475
   579.00006   567.00006    -0.50000     1.00000     0.30000    25    30.0
LO MagPE 30.000KE/1  Ex=1486.599eV WF=4.000eV Ck=XL Det=MCD Ent=6x12mm Exit=4mm
5763
5628
5895
6139
6110
6616
6775
7327
8057
9017
10108
10632
10537
9555
8258
7342
6419
5742
5297
5035
4903
4645
4554
4599
4371
