Ag(111) limpa 3d e 3p
   371.00003   366.00003    -0.20000     1.00000     0.30000    26    30.0
LO MagPE 30.000KE/1  Ex=1486.599eV WF=4.000eV Ck=XL Det=MCD Ent=6x12mm Exit=4mm
6324
6559
7059
7665
8500
10059
12225
15384
20048
26830
35187
43671
49545
50242
44888
35031
24321
15921
11118
8158
6368
5387
4755
4143
3920
3678
   579.00006   567.00006    -0.50000     1.00000     0.30000    25    30.0
LO MagPE 30.000KE/1  Ex=1486.599eV WF=4.000eV Ck=XL Det=MCD Ent=6x12mm Exit=4mm
7595
7910
8220
8371
8903
9314
10012
10840
12141
13979
15989
17081
16989
15542
13115
10934
9680
8343
7643
6962
6756
6385
6331
5922
5996
