Ag(111) limpa 3d e 3p
   371.00003   366.00003    -0.20000     1.00000     0.30000    26    30.0
LO MagPE 30.000KE/1  Ex=1486.599eV WF=4.000eV Ck=XL Det=MCD Ent=6x12mm Exit=4mm
7122
7584
8002
8874
9989
11894
14393
18185
23784
31694
41691
51438
57938
57975
51393
39987
27786
18002
12336
9182
7323
6049
5214
4578
4307
4321
   579.00006   567.00006    -0.50000     1.00000     0.30000    25    30.0
LO MagPE 30.000KE/1  Ex=1486.599eV WF=4.000eV Ck=XL Det=MCD Ent=6x12mm Exit=4mm
8063
8295
8583
8850
9465
9726
10698
11771
13351
15563
17760
19279
18557
16642
14319
11955
10133
9028
8184
7648
7124
6739
6553
6306
6247
