Ag(111) limpa 3d e 3p
   371.00003   366.00003    -0.20000     1.00000     0.30000    26    30.0
LO MagPE 30.000KE/1  Ex=1486.599eV WF=4.000eV Ck=XL Det=MCD Ent=6x12mm Exit=4mm
1692
1837
1942
2230
2534
2895
3495
4651
5964
7892
10242
12504
13830
13942
11853
9127
6420
4294
2923
2207
1788
1544
1301
1150
1101
996
   579.00006   567.00006    -0.50000     1.00000     0.30000    25    30.0
LO MagPE 30.000KE/1  Ex=1486.599eV WF=4.000eV Ck=XL Det=MCD Ent=6x12mm Exit=4mm
2505
2550
2622
2611
2742
2988
3018
3403
3778
4265
4751
5124
4981
4417
3806
3279
2878
2662
2468
2290
2182
2107
2087
2004
2045
