Ag(111) limpa 3d e 3p
   371.00003   366.00003    -0.20000     1.00000     0.30000    26    30.0
LO MagPE 30.000KE/1  Ex=1486.599eV WF=4.000eV Ck=XL Det=MCD Ent=6x12mm Exit=4mm
4742
5074
5488
5851
6326
7344
8850
11170
14151
18937
25064
31010
35506
36599
32885
25886
17730
11994
8371
5940
4886
4102
3614
3233
3097
2848
   579.00006   567.00006    -0.50000     1.00000     0.30000    25    30.0
LO MagPE 30.000KE/1  Ex=1486.599eV WF=4.000eV Ck=XL Det=MCD Ent=6x12mm Exit=4mm
6000
6138
6268
6522
6777
7080
7369
7786
8988
10150
11150
11984
11647
10775
9290
8064
6773
6166
5622
5331
5032
4881
4739
4594
4477
