Ag(111) limpa 3d e 3p
   371.00003   366.00003    -0.20000     1.00000     0.30000    26    30.0
LO MagPE 30.000KE/1  Ex=1486.599eV WF=4.000eV Ck=XL Det=MCD Ent=6x12mm Exit=4mm
4197
4439
4774
4970
5561
6375
7507
9130
11954
16006
20953
26264
30529
31452
28823
22839
15902
10345
7045
5395
4324
3667
3114
3000
2688
2573
   579.00006   567.00006    -0.50000     1.00000     0.30000    25    30.0
LO MagPE 30.000KE/1  Ex=1486.599eV WF=4.000eV Ck=XL Det=MCD Ent=6x12mm Exit=4mm
5564
5686
5943
6141
6249
6527
6926
7466
8423
9391
10179
11070
10846
9903
8545
7339
6338
5657
5288
5027
4674
4475
4417
4255
4214
