Ag(111) limpa 3d e 3p
   371.00003   366.00003    -0.20000     1.00000     0.30000    26    30.0
LO MagPE 30.000KE/1  Ex=1486.599eV WF=4.000eV Ck=XL Det=MCD Ent=6x12mm Exit=4mm
1990
2074
2276
2514
2775
3356
4002
5052
6821
9096
11723
14639
16342
16200
14435
11196
7547
4925
3372
2480
1992
1616
1377
1326
1191
1211
   579.00006   567.00006    -0.50000     1.00000     0.30000    25    30.0
LO MagPE 30.000KE/1  Ex=1486.599eV WF=4.000eV Ck=XL Det=MCD Ent=6x12mm Exit=4mm
2576
2645
2786
2826
3023
3094
3230
3697
4225
4668
5267
5687
5556
5110
4350
3691
3201
2783
2599
2345
2283
2145
2160
2044
2090
