Ag(111) limpa 3d e 3p
   371.00003   366.00003    -0.20000     1.00000     0.30000    26    30.0
LO MagPE 30.000KE/1  Ex=1486.599eV WF=4.000eV Ck=XL Det=MCD Ent=6x12mm Exit=4mm
6680
6777
7133
7987
8969
10457
12548
15978
20519
27788
36274
45380
51233
52142
46591
35942
25126
16512
11337
8633
6692
5469
4714
4320
4041
3745
   579.00006   567.00006    -0.50000     1.00000     0.30000    25    30.0
LO MagPE 30.000KE/1  Ex=1486.599eV WF=4.000eV Ck=XL Det=MCD Ent=6x12mm Exit=4mm
7902
7855
8125
8403
8764
9335
9988
10896
12375
14284
16344
17716
17404
15609
13460
11417
9524
8383
7735
7218
6639
6248
6190
5940
5973
