Ag(111) limpa 3d e 3p
   371.00003   366.00003    -0.20000     1.00000     0.30000    26    30.0
LO MagPE 30.000KE/1  Ex=1486.599eV WF=4.000eV Ck=XL Det=MCD Ent=6x12mm Exit=4mm
5101
5292
5658
6157
6875
7877
9265
11827
15253
20153
26609
32271
36730
37194
33334
26270
18538
12048
8576
6472
4966
4223
3724
3441
3165
3029
   579.00006   567.00006    -0.50000     1.00000     0.30000    25    30.0
LO MagPE 30.000KE/1  Ex=1486.599eV WF=4.000eV Ck=XL Det=MCD Ent=6x12mm Exit=4mm
6558
6907
7096
7095
7384
7908
8461
8995
10001
11311
12761
13713
13473
12316
10497
9080
7863
7132
6466
5899
5632
5565
5332
5276
5135
