Ag(111) limpa 3d e 3p
   371.00003   366.00003    -0.20000     1.00000     0.30000    26    30.0
LO MagPE 30.000KE/1  Ex=1486.599eV WF=4.000eV Ck=XL Det=MCD Ent=6x12mm Exit=4mm
5666
5842
6267
6785
7634
8855
10585
13390
17635
23353
30832
37794
42668
42529
37819
29539
20361
13282
9224
6805
5382
4714
4147
3764
3457
3287
   579.00006   567.00006    -0.50000     1.00000     0.30000    25    30.0
LO MagPE 30.000KE/1  Ex=1486.599eV WF=4.000eV Ck=XL Det=MCD Ent=6x12mm Exit=4mm
6775
7015
7235
7523
7577
7996
8499
9154
10340
11708
13500
14124
14183
12609
10981
9192
8102
7091
6583
6093
5907
5662
5283
5158
5133
