Ag(111) limpa 3d e 3p
   371.00003   366.00003    -0.20000     1.00000     0.30000    26    30.0
LO MagPE 30.000KE/1  Ex=1486.599eV WF=4.000eV Ck=XL Det=MCD Ent=6x12mm Exit=4mm
4439
4714
5011
5246
5889
6678
7752
9685
12678
16716
21598
26877
31147
32156
29091
23200
16254
10756
7428
5477
4435
3824
3361
3038
2792
2732
   579.00006   567.00006    -0.50000     1.00000     0.30000    25    30.0
LO MagPE 30.000KE/1  Ex=1486.599eV WF=4.000eV Ck=XL Det=MCD Ent=6x12mm Exit=4mm
5841
6018
6167
6257
6408
6599
6940
7575
8285
9364
10338
10728
10635
9509
8646
7389
6479
6020
5599
5350
5031
4969
4664
4760
4651
