Ag(111) limpa 3d e 3p
   371.00003   366.00003    -0.20000     1.00000     0.30000    26    30.0
LO MagPE 30.000KE/1  Ex=1486.599eV WF=4.000eV Ck=XL Det=MCD Ent=6x12mm Exit=4mm
4400
4512
4776
5223
5881
6653
7867
9907
12974
17031
22570
27459
31481
32051
28849
22741
15852
10535
7262
5464
4406
3625
3350
3076
2745
2598
   579.00006   567.00006    -0.50000     1.00000     0.30000    25    30.0
LO MagPE 30.000KE/1  Ex=1486.599eV WF=4.000eV Ck=XL Det=MCD Ent=6x12mm Exit=4mm
5675
5943
5986
6125
6439
6613
7009
7599
8417
9398
10337
11241
10726
9975
8625
7366
6357
5704
5354
4958
4724
4463
4358
4381
4232
