Ag(111) limpa 3d e 3p
   371.00003   366.00003    -0.20000     1.00000     0.30000    26    30.0
LO MagPE 30.000KE/1  Ex=1486.599eV WF=4.000eV Ck=XL Det=MCD Ent=6x12mm Exit=4mm
1441
1578
1592
1676
1857
2136
2472
2967
3867
5028
6500
8165
8869
8826
7810
6077
4095
2804
2031
1562
1349
1136
1065
1023
953
902
   579.00006   567.00006    -0.50000     1.00000     0.30000    25    30.0
LO MagPE 30.000KE/1  Ex=1486.599eV WF=4.000eV Ck=XL Det=MCD Ent=6x12mm Exit=4mm
2381
2413
2586
2642
2724
2698
2848
2984
3219
3389
3482
3600
3410
3091
2647
2389
2161
2042
1854
1829
1903
1635
1679
1741
1673
