Ag(111) limpa 3d e 3p
   371.00003   366.00003    -0.20000     1.00000     0.30000    26    30.0
LO MagPE 30.000KE/1  Ex=1486.599eV WF=4.000eV Ck=XL Det=MCD Ent=6x12mm Exit=4mm
3608
3667
3890
4207
4677
5291
6136
7530
9783
12997
16798
20778
23877
24892
22595
17970
12557
8388
5970
4347
3550
2962
2683
2423
2310
2200
   579.00006   567.00006    -0.50000     1.00000     0.30000    25    30.0
LO MagPE 30.000KE/1  Ex=1486.599eV WF=4.000eV Ck=XL Det=MCD Ent=6x12mm Exit=4mm
5041
5083
5125
5270
5422
5838
5725
6275
7004
7500
8378
8842
8635
7977
7151
6122
5390
4835
4539
4314
4261
4001
4050
3878
3934
