Ag(111) limpa 3d e 3p
   371.00003   366.00003    -0.20000     1.00000     0.30000    26    30.0
LO MagPE 30.000KE/1  Ex=1486.599eV WF=4.000eV Ck=XL Det=MCD Ent=6x12mm Exit=4mm
1618
1809
1809
2215
2412
2853
3439
4351
5877
7890
10039
12358
13875
13665
12019
9285
6320
4146
2761
2169
1688
1463
1180
1131
1091
1049
   579.00006   567.00006    -0.50000     1.00000     0.30000    25    30.0
LO MagPE 30.000KE/1  Ex=1486.599eV WF=4.000eV Ck=XL Det=MCD Ent=6x12mm Exit=4mm
2294
2328
2445
2410
2501
2604
2862
3047
3532
4003
4311
4791
4542
4184
3630
3092
2676
2455
2129
1960
1966
1942
1802
1817
1818
