Ag(111) limpa 3d e 3p
   371.00003   366.00003    -0.20000     1.00000     0.30000    26    30.0
LO MagPE 30.000KE/1  Ex=1486.599eV WF=4.000eV Ck=XL Det=MCD Ent=6x12mm Exit=4mm
2006
2162
2243
2375
2702
3024
3648
4530
6035
7844
10392
12457
13785
13677
11807
9032
6314
4162
2903
2281
1821
1599
1421
1407
1309
1203
   579.00006   567.00006    -0.50000     1.00000     0.30000    25    30.0
LO MagPE 30.000KE/1  Ex=1486.599eV WF=4.000eV Ck=XL Det=MCD Ent=6x12mm Exit=4mm
2725
2840
2814
2893
2846
3057
3224
3550
3913
4433
4692
4933
4803
4233
3777
3197
2864
2583
2326
2251
2168
2121
2008
1964
1909
