Ag(111) limpa 3d e 3p
   371.00003   366.00003    -0.20000     1.00000     0.30000    26    30.0
LO MagPE 30.000KE/1  Ex=1486.599eV WF=4.000eV Ck=XL Det=MCD Ent=6x12mm Exit=4mm
1645
1684
1774
1945
2071
2341
2766
3462
4429
5653
7415
9157
10140
10256
8947
6731
4655
3204
2216
1747
1450
1276
1241
1054
1039
998
   579.00006   567.00006    -0.50000     1.00000     0.30000    25    30.0
LO MagPE 30.000KE/1  Ex=1486.599eV WF=4.000eV Ck=XL Det=MCD Ent=6x12mm Exit=4mm
2645
2751
2776
2883
2822
2899
3050
3265
3593
3786
4009
4040
3845
3544
2918
2631
2307
2202
2081
1955
1951
1791
1824
1794
1659
