Ag(111) limpa 3d e 3p
   371.00003   366.00003    -0.20000     1.00000     0.30000    26    30.0
LO MagPE 30.000KE/1  Ex=1486.599eV WF=4.000eV Ck=XL Det=MCD Ent=6x12mm Exit=4mm
1684
1789
1838
1897
2167
2367
2799
3512
4725
6003
8053
9687
10842
11001
9583
7291
4923
3305
2337
1769
1513
1303
1176
1065
1035
1017
   579.00006   567.00006    -0.50000     1.00000     0.30000    25    30.0
LO MagPE 30.000KE/1  Ex=1486.599eV WF=4.000eV Ck=XL Det=MCD Ent=6x12mm Exit=4mm
2293
2480
2399
2550
2657
2636
2863
3062
3366
3631
3925
3955
3911
3481
3131
2665
2402
2120
1911
1856
1775
1679
1724
1671
1656
