Ag(111) limpa 3d e 3p
   371.00003   366.00003    -0.20000     1.00000     0.30000    26    30.0
LO MagPE 30.000KE/1  Ex=1486.599eV WF=4.000eV Ck=XL Det=MCD Ent=6x12mm Exit=4mm
1791
1883
2025
2236
2444
2942
3606
4569
6127
8288
10427
12671
14256
14130
12255
9415
6408
4224
3079
2182
1750
1446
1254
1202
1072
985
   579.00006   567.00006    -0.50000     1.00000     0.30000    25    30.0
LO MagPE 30.000KE/1  Ex=1486.599eV WF=4.000eV Ck=XL Det=MCD Ent=6x12mm Exit=4mm
2391
2557
2628
2675
2744
2934
3007
3322
3800
4276
4799
5118
4934
4460
3830
3231
2903
2698
2364
2278
2235
2108
2060
2056
1966
