Ag(111) limpa 3d e 3p
   371.00003   366.00003    -0.20000     1.00000     0.30000    26    30.0
LO MagPE 30.000KE/1  Ex=1486.599eV WF=4.000eV Ck=XL Det=MCD Ent=6x12mm Exit=4mm
4817
5049
5331
5776
6702
7345
8793
10988
14393
18943
24757
31025
35555
36614
32597
25611
18091
12066
8285
6098
4807
4039
3597
3298
3064
2886
   579.00006   567.00006    -0.50000     1.00000     0.30000    25    30.0
LO MagPE 30.000KE/1  Ex=1486.599eV WF=4.000eV Ck=XL Det=MCD Ent=6x12mm Exit=4mm
6159
6318
6428
6735
6783
7289
7511
8218
9047
10463
11657
12612
12477
11464
9737
8297
7015
6363
5720
5486
5043
4917
4928
4860
4581
