Ag(111) limpa 3d e 3p
   371.00003   366.00003    -0.20000     1.00000     0.30000    26    30.0
LO MagPE 30.000KE/1  Ex=1486.599eV WF=4.000eV Ck=XL Det=MCD Ent=6x12mm Exit=4mm
1931
1946
2155
2464
2819
3149
3981
5055
6932
9097
11633
14201
15639
15438
13439
10218
7243
4782
3285
2250
1904
1566
1391
1260
1078
1093
   579.00006   567.00006    -0.50000     1.00000     0.30000    25    30.0
LO MagPE 30.000KE/1  Ex=1486.599eV WF=4.000eV Ck=XL Det=MCD Ent=6x12mm Exit=4mm
2689
2629
2788
2822
3068
3168
3478
3713
4289
4984
5447
5889
5672
5081
4418
3726
3249
2909
2633
2437
2308
2212
2203
2081
2024
