Ag(111) limpa 3d e 3p
   371.00003   366.00003    -0.20000     1.00000     0.30000    26    30.0
LO MagPE 30.000KE/1  Ex=1486.599eV WF=4.000eV Ck=XL Det=MCD Ent=6x12mm Exit=4mm
1965
2164
2268
2606
2881
3363
4115
5225
6997
9317
12069
14852
16376
16459
14111
10922
7510
4875
3431
2481
1974
1626
1446
1293
1230
1159
   579.00006   567.00006    -0.50000     1.00000     0.30000    25    30.0
LO MagPE 30.000KE/1  Ex=1486.599eV WF=4.000eV Ck=XL Det=MCD Ent=6x12mm Exit=4mm
2547
2660
2687
2871
2882
3210
3416
3772
4293
5080
5532
6003
6029
5275
4629
3890
3157
2915
2497
2403
2362
2220
2077
2060
2011
