Ag(111) limpa 3d e 3p
   371.00003   366.00003    -0.20000     1.00000     0.30000    26    30.0
LO MagPE 30.000KE/1  Ex=1486.599eV WF=4.000eV Ck=XL Det=MCD Ent=6x12mm Exit=4mm
3861
4002
4330
4700
5225
5969
7215
8699
11581
15014
20037
24351
27159
27618
24542
19149
12988
8811
6109
4640
3799
3333
2887
2632
2502
2367
   579.00006   567.00006    -0.50000     1.00000     0.30000    25    30.0
LO MagPE 30.000KE/1  Ex=1486.599eV WF=4.000eV Ck=XL Det=MCD Ent=6x12mm Exit=4mm
5287
5468
5559
5691
5914
6080
6313
6749
7691
8613
9355
9920
9958
9151
7716
6725
6017
5291
4922
4681
4497
4365
4250
4156
4031
