Ag(111) limpa 3d e 3p
   371.00003   366.00003    -0.20000     1.00000     0.30000    26    30.0
LO MagPE 30.000KE/1  Ex=1486.599eV WF=4.000eV Ck=XL Det=MCD Ent=6x12mm Exit=4mm
5674
5947
6317
6952
7724
8943
10598
13400
17336
23101
30430
37846
42665
43919
39030
30898
21490
14441
9816
7296
5667
4710
4240
3934
3579
3431
   579.00006   567.00006    -0.50000     1.00000     0.30000    25    30.0
LO MagPE 30.000KE/1  Ex=1486.599eV WF=4.000eV Ck=XL Det=MCD Ent=6x12mm Exit=4mm
7049
7094
7405
7515
7863
8409
8625
9543
10765
12255
13557
14711
14364
13207
11349
9714
8475
7345
6688
6356
6103
5718
5528
5452
5403
