Ag(111) limpa 3d e 3p
   371.00003   366.00003    -0.20000     1.00000     0.30000    26    30.0
LO MagPE 30.000KE/1  Ex=1486.599eV WF=4.000eV Ck=XL Det=MCD Ent=6x12mm Exit=4mm
3873
4025
4255
4551
5034
5716
6777
8315
10667
14034
18417
23084
26455
27588
25161
19821
14018
9142
6405
4822
3800
3274
2906
2674
2456
2328
   579.00006   567.00006    -0.50000     1.00000     0.30000    25    30.0
LO MagPE 30.000KE/1  Ex=1486.599eV WF=4.000eV Ck=XL Det=MCD Ent=6x12mm Exit=4mm
5285
5443
5703
5806
6082
6300
6571
7035
7772
8683
9534
10118
9990
8804
7714
6736
5763
5206
4713
4514
4114
4100
3924
3942
3967
