Ag(111) limpa 3d e 3p
   371.00003   366.00003    -0.20000     1.00000     0.30000    26    30.0
LO MagPE 30.000KE/1  Ex=1486.599eV WF=4.000eV Ck=XL Det=MCD Ent=6x12mm Exit=4mm
4643
4832
5120
5619
6210
7162
8663
10873
14129
18366
24020
29121
32557
32580
29036
22618
15653
10726
7416
5522
4553
3817
3485
3192
2998
2710
   579.00006   567.00006    -0.50000     1.00000     0.30000    25    30.0
LO MagPE 30.000KE/1  Ex=1486.599eV WF=4.000eV Ck=XL Det=MCD Ent=6x12mm Exit=4mm
6788
6895
7072
7207
7464
7762
7923
8844
9385
10737
11908
12589
12435
11395
9692
8486
7614
6830
6415
6001
6003
5699
5469
5662
5411
