Ag(111) limpa 3d e 3p
   371.00003   366.00003    -0.20000     1.00000     0.30000    26    30.0
LO MagPE 30.000KE/1  Ex=1486.599eV WF=4.000eV Ck=XL Det=MCD Ent=6x12mm Exit=4mm
4940
5215
5589
5954
6680
7860
9276
11575
15145
20115
26219
31578
35641
36417
32324
25021
17680
11705
8398
6117
5010
4084
3810
3398
3184
2992
   579.00006   567.00006    -0.50000     1.00000     0.30000    25    30.0
LO MagPE 30.000KE/1  Ex=1486.599eV WF=4.000eV Ck=XL Det=MCD Ent=6x12mm Exit=4mm
6840
6992
7251
7391
7457
8092
8507
9289
10081
11265
12625
13457
13343
11898
10430
9086
7910
7260
6694
6316
6023
5686
5682
5643
5456
