Ag(111) limpa 3d e 3p
   371.00003   366.00003    -0.20000     1.00000     0.30000    26    30.0
LO MagPE 30.000KE/1  Ex=1486.599eV WF=4.000eV Ck=XL Det=MCD Ent=6x12mm Exit=4mm
1598
1712
1809
2039
2075
2480
2836
3473
4420
5992
7475
9650
10873
10967
9882
7880
5398
3529
2420
1934
1578
1327
1215
1113
1049
1064
   579.00006   567.00006    -0.50000     1.00000     0.30000    25    30.0
LO MagPE 30.000KE/1  Ex=1486.599eV WF=4.000eV Ck=XL Det=MCD Ent=6x12mm Exit=4mm
2616
2734
2728
2782
2877
2859
3121
3115
3514
3864
4065
4152
4031
3890
3332
2833
2627
2315
2197
2088
2013
1964
1918
1922
1873
