Ag(111) limpa 3d e 3p
   371.00003   366.00003    -0.20000     1.00000     0.30000    26    30.0
LO MagPE 30.000KE/1  Ex=1486.599eV WF=4.000eV Ck=XL Det=MCD Ent=6x12mm Exit=4mm
1937
1889
2252
2298
2747
3255
3701
5072
6603
8896
11684
14143
16071
15435
13525
10413
7261
4760
3147
2350
1789
1542
1342
1231
1169
1074
   579.00006   567.00006    -0.50000     1.00000     0.30000    25    30.0
LO MagPE 30.000KE/1  Ex=1486.599eV WF=4.000eV Ck=XL Det=MCD Ent=6x12mm Exit=4mm
2368
2361
2486
2574
2680
2837
2956
3366
3897
4441
5110
5448
5363
4780
4029
3496
2971
2690
2443
2200
2062
1887
1902
1876
1774
