Ag(111) limpa 3d e 3p
   371.00003   366.00003    -0.20000     1.00000     0.30000    26    30.0
LO MagPE 30.000KE/1  Ex=1486.599eV WF=4.000eV Ck=XL Det=MCD Ent=6x12mm Exit=4mm
4356
4560
4900
5223
5794
6629
7919
9766
12775
17148
22138
27554
32054
32768
29739
23136
16146
10513
7312
5409
4369
3768
3268
2845
2736
2622
   579.00006   567.00006    -0.50000     1.00000     0.30000    25    30.0
LO MagPE 30.000KE/1  Ex=1486.599eV WF=4.000eV Ck=XL Det=MCD Ent=6x12mm Exit=4mm
5307
5530
5683
5897
6105
6344
6689
7401
8038
9390
10114
10877
10804
9609
8418
7057
6184
5458
5184
4722
4366
4248
4189
4042
3912
