Ag(111) limpa 3d e 3p
   371.00003   366.00003    -0.20000     1.00000     0.30000    26    30.0
LO MagPE 30.000KE/1  Ex=1486.599eV WF=4.000eV Ck=XL Det=MCD Ent=6x12mm Exit=4mm
5822
6264
6582
7096
8019
9451
11310
14236
18518
24842
32541
39921
44766
45444
40184
30934
21692
14303
10112
7318
5823
4791
4319
3829
3601
3539
   579.00006   567.00006    -0.50000     1.00000     0.30000    25    30.0
LO MagPE 30.000KE/1  Ex=1486.599eV WF=4.000eV Ck=XL Det=MCD Ent=6x12mm Exit=4mm
7664
7747
8039
8238
8547
8953
9417
10337
11655
13035
14590
15740
15529
14060
12096
10437
9163
8129
7500
6977
6503
6292
6216
6017
6048
