Ag(111) limpa 3d e 3p
   371.00003   366.00003    -0.20000     1.00000     0.30000    26    30.0
LO MagPE 30.000KE/1  Ex=1486.599eV WF=4.000eV Ck=XL Det=MCD Ent=6x12mm Exit=4mm
1909
1993
2085
2342
2526
3050
3831
4842
6249
8528
11138
13617
14946
14806
12670
9905
6944
4611
3160
2251
1830
1487
1372
1195
1220
1090
   579.00006   567.00006    -0.50000     1.00000     0.30000    25    30.0
LO MagPE 30.000KE/1  Ex=1486.599eV WF=4.000eV Ck=XL Det=MCD Ent=6x12mm Exit=4mm
2630
2692
2682
2814
2869
2956
3241
3463
3902
4309
4958
5180
5046
4703
4042
3354
3081
2744
2512
2417
2325
2176
2085
2049
1999
