Ag(111) limpa 3d e 3p
   371.00003   366.00003    -0.20000     1.00000     0.30000    26    30.0
LO MagPE 30.000KE/1  Ex=1486.599eV WF=4.000eV Ck=XL Det=MCD Ent=6x12mm Exit=4mm
5610
5717
6234
6741
7704
8683
10506
13259
17583
23099
30463
37483
42279
42752
37898
29391
20871
13828
9506
7077
5583
4802
4126
3844
3489
3339
   579.00006   567.00006    -0.50000     1.00000     0.30000    25    30.0
LO MagPE 30.000KE/1  Ex=1486.599eV WF=4.000eV Ck=XL Det=MCD Ent=6x12mm Exit=4mm
7756
7860
7937
8189
8392
8850
9568
10419
11629
13181
14581
15567
15465
13879
12275
10340
8905
8290
7504
7196
6662
6629
6322
6242
6021
