Ag(111) limpa 3d e 3p
   371.00003   366.00003    -0.20000     1.00000     0.30000    26    30.0
LO MagPE 30.000KE/1  Ex=1486.599eV WF=4.000eV Ck=XL Det=MCD Ent=6x12mm Exit=4mm
3950
4043
4339
4712
5195
5759
6949
8713
11172
14733
19070
23582
26840
27486
24790
19399
13522
9139
6083
4843
3820
3258
2789
2707
2487
2338
   579.00006   567.00006    -0.50000     1.00000     0.30000    25    30.0
LO MagPE 30.000KE/1  Ex=1486.599eV WF=4.000eV Ck=XL Det=MCD Ent=6x12mm Exit=4mm
5451
5647
5680
5789
5948
6143
6475
6975
7576
8625
9496
9931
9871
8786
7797
6703
6004
5306
5054
4782
4508
4444
4265
4296
4113
