Ag(111) limpa 3d e 3p
   371.00003   366.00003    -0.20000     1.00000     0.30000    26    30.0
LO MagPE 30.000KE/1  Ex=1486.599eV WF=4.000eV Ck=XL Det=MCD Ent=6x12mm Exit=4mm
5072
5452
5717
6371
7196
7973
9844
12295
15976
21166
27800
33591
37730
37962
33519
26095
18344
12441
8530
6292
5162
4371
3847
3474
3189
3117
   579.00006   567.00006    -0.50000     1.00000     0.30000    25    30.0
LO MagPE 30.000KE/1  Ex=1486.599eV WF=4.000eV Ck=XL Det=MCD Ent=6x12mm Exit=4mm
7331
7406
7862
7927
8180
8738
9045
9887
10935
12272
13896
15101
14635
13513
11544
10176
8871
7804
7163
6609
6521
6207
6114
6011
6025
