Ag(111) limpa 3d e 3p
   371.00003   366.00003    -0.20000     1.00000     0.30000    26    30.0
LO MagPE 30.000KE/1  Ex=1486.599eV WF=4.000eV Ck=XL Det=MCD Ent=6x12mm Exit=4mm
5535
5952
6398
6963
7645
9153
10841
13495
17714
23670
31110
38200
43344
44271
38993
30573
21419
14191
9718
7158
5811
4819
4357
3738
3610
3452
   579.00006   567.00006    -0.50000     1.00000     0.30000    25    30.0
LO MagPE 30.000KE/1  Ex=1486.599eV WF=4.000eV Ck=XL Det=MCD Ent=6x12mm Exit=4mm
7287
7422
7682
7892
8136
8546
9090
9966
10977
12460
13975
14957
15068
13434
11575
9876
8682
7713
7238
6700
6308
6048
6013
5890
5785
