Ag(111) limpa 3d e 3p
   371.00003   366.00003    -0.20000     1.00000     0.30000    26    30.0
LO MagPE 30.000KE/1  Ex=1486.599eV WF=4.000eV Ck=XL Det=MCD Ent=6x12mm Exit=4mm
4745
4879
5041
5633
6355
7310
8760
10827
14398
18815
24741
30831
35199
35372
31410
24646
17168
11291
7901
5809
4685
3846
3457
3187
2847
2774
   579.00006   567.00006    -0.50000     1.00000     0.30000    25    30.0
LO MagPE 30.000KE/1  Ex=1486.599eV WF=4.000eV Ck=XL Det=MCD Ent=6x12mm Exit=4mm
5646
5890
6008
6139
6397
6690
7092
7500
8587
9680
10994
11822
11294
10369
8868
7774
6707
5962
5474
5105
4750
4690
4546
4426
4366
