Ag(111) limpa 3d e 3p
   371.00003   366.00003    -0.20000     1.00000     0.30000    26    30.0
LO MagPE 30.000KE/1  Ex=1486.599eV WF=4.000eV Ck=XL Det=MCD Ent=6x12mm Exit=4mm
1804
1760
1873
2057
2272
2496
3021
3764
4915
6550
8514
10484
11422
11246
9910
7528
5245
3436
2537
1873
1587
1374
1215
1123
1078
1058
   579.00006   567.00006    -0.50000     1.00000     0.30000    25    30.0
LO MagPE 30.000KE/1  Ex=1486.599eV WF=4.000eV Ck=XL Det=MCD Ent=6x12mm Exit=4mm
2407
2470
2686
2677
2693
2716
2964
3147
3546
3844
4138
4269
4143
3664
3120
2784
2513
2259
2120
1964
1945
1863
1837
1760
1710
