Ag(111) limpa 3d e 3p
   371.00003   366.00003    -0.20000     1.00000     0.30000    26    30.0
LO MagPE 30.000KE/1  Ex=1486.599eV WF=4.000eV Ck=XL Det=MCD Ent=6x12mm Exit=4mm
5274
5490
5699
6325
7027
8065
9698
12075
15850
20808
27582
33748
38999
39542
36093
28208
19586
13074
8924
6631
5376
4525
3814
3553
3192
3009
   579.00006   567.00006    -0.50000     1.00000     0.30000    25    30.0
LO MagPE 30.000KE/1  Ex=1486.599eV WF=4.000eV Ck=XL Det=MCD Ent=6x12mm Exit=4mm
6546
6650
6871
7194
7312
7762
8199
8699
9831
11333
12705
13242
13224
12093
10520
8876
7688
6865
6265
5830
5544
5479
5194
5153
5067
