Ag(111) limpa 3d e 3p
   371.00003   366.00003    -0.20000     1.00000     0.30000    26    30.0
LO MagPE 30.000KE/1  Ex=1486.599eV WF=4.000eV Ck=XL Det=MCD Ent=6x12mm Exit=4mm
1658
1727
1853
1962
2329
2655
3327
4390
5672
7531
9927
11718
13228
12907
11417
8616
5976
4079
2716
2036
1610
1361
1143
1094
1004
897
   579.00006   567.00006    -0.50000     1.00000     0.30000    25    30.0
LO MagPE 30.000KE/1  Ex=1486.599eV WF=4.000eV Ck=XL Det=MCD Ent=6x12mm Exit=4mm
2344
2365
2435
2599
2685
2744
2877
3340
3609
4168
4713
4900
4908
4393
3710
3287
2823
2505
2284
2154
2126
1984
1953
1904
1771
