Ag(111) limpa 3d e 3p
   371.00003   366.00003    -0.20000     1.00000     0.30000    26    30.0
LO MagPE 30.000KE/1  Ex=1486.599eV WF=4.000eV Ck=XL Det=MCD Ent=6x12mm Exit=4mm
5280
5480
5865
6501
7202
8370
9779
12260
16298
21672
28341
35251
40107
40644
36181
28478
19767
13066
9113
6671
5215
4494
3829
3583
3227
3098
   579.00006   567.00006    -0.50000     1.00000     0.30000    25    30.0
LO MagPE 30.000KE/1  Ex=1486.599eV WF=4.000eV Ck=XL Det=MCD Ent=6x12mm Exit=4mm
6200
6435
6545
6881
7136
7272
7779
8323
9571
10667
12164
13140
12807
11768
9885
8546
7408
6470
5971
5470
5245
4979
4879
4779
4688
