Ag(111) limpa 3d e 3p
   371.00003   366.00003    -0.20000     1.00000     0.30000    26    30.0
LO MagPE 30.000KE/1  Ex=1486.599eV WF=4.000eV Ck=XL Det=MCD Ent=6x12mm Exit=4mm
4456
4600
4788
5268
5827
6737
7871
9757
12592
17051
22420
27511
32102
32764
29799
23403
16283
10705
7415
5442
4394
3793
3341
2929
2694
2628
   579.00006   567.00006    -0.50000     1.00000     0.30000    25    30.0
LO MagPE 30.000KE/1  Ex=1486.599eV WF=4.000eV Ck=XL Det=MCD Ent=6x12mm Exit=4mm
5550
5664
5718
5957
6237
6404
6891
7343
8280
9171
10284
10740
10840
9744
8434
7258
6477
5691
5181
4992
4559
4499
4486
4390
4128
