Ag(111) limpa 3d e 3p
   371.00003   366.00003    -0.20000     1.00000     0.30000    26    30.0
LO MagPE 30.000KE/1  Ex=1486.599eV WF=4.000eV Ck=XL Det=MCD Ent=6x12mm Exit=4mm
6420
6992
7295
8030
8917
10380
12368
15793
20855
27888
36613
45059
51200
51725
45862
35820
24828
16550
11478
8269
6451
5461
4843
4263
3996
3860
   579.00006   567.00006    -0.50000     1.00000     0.30000    25    30.0
LO MagPE 30.000KE/1  Ex=1486.599eV WF=4.000eV Ck=XL Det=MCD Ent=6x12mm Exit=4mm
7742
7800
8213
8509
8716
9083
9850
10816
12373
13864
15585
16953
16742
15236
12946
10970
9500
8173
7794
7367
6848
6573
6501
6239
5974
