Ag(111) limpa 3d e 3p
   371.00003   366.00003    -0.20000     1.00000     0.30000    26    30.0
LO MagPE 30.000KE/1  Ex=1486.599eV WF=4.000eV Ck=XL Det=MCD Ent=6x12mm Exit=4mm
5276
5576
5772
6594
7282
8294
9782
12632
16147
21740
28201
34971
39630
40319
36345
28191
19652
13261
9221
6616
5271
4493
3910
3627
3331
3100
   579.00006   567.00006    -0.50000     1.00000     0.30000    25    30.0
LO MagPE 30.000KE/1  Ex=1486.599eV WF=4.000eV Ck=XL Det=MCD Ent=6x12mm Exit=4mm
6615
6820
7023
7260
7383
7628
8198
8832
9631
10916
12256
12983
13160
11948
10017
9003
7745
6903
6539
6091
5820
5639
5384
5438
5356
