Ag(111) limpa 3d e 3p
   371.00003   366.00003    -0.20000     1.00000     0.30000    26    30.0
LO MagPE 30.000KE/1  Ex=1486.599eV WF=4.000eV Ck=XL Det=MCD Ent=6x12mm Exit=4mm
1591
1544
1682
1739
2056
2264
2668
3279
4210
5716
7340
9089
10150
10300
9140
6954
4810
3241
2261
1652
1450
1224
1027
1032
934
895
   579.00006   567.00006    -0.50000     1.00000     0.30000    25    30.0
LO MagPE 30.000KE/1  Ex=1486.599eV WF=4.000eV Ck=XL Det=MCD Ent=6x12mm Exit=4mm
2321
2352
2527
2529
2581
2665
2771
2941
3191
3569
3723
3916
3770
3314
3007
2497
2254
2091
1989
1788
1698
1665
1618
1684
1540
