Ag(111) limpa 3d e 3p
   371.00003   366.00003    -0.20000     1.00000     0.30000    26    30.0
LO MagPE 30.000KE/1  Ex=1486.599eV WF=4.000eV Ck=XL Det=MCD Ent=6x12mm Exit=4mm
1952
1952
2075
2200
2478
2819
3271
4155
5290
6896
8940
11043
12481
12423
11353
8693
6173
4047
2899
2194
1793
1521
1445
1266
1204
1204
   579.00006   567.00006    -0.50000     1.00000     0.30000    25    30.0
LO MagPE 30.000KE/1  Ex=1486.599eV WF=4.000eV Ck=XL Det=MCD Ent=6x12mm Exit=4mm
3000
2907
3039
3059
3154
3241
3476
3729
4092
4558
4817
5157
4897
4413
3959
3341
3019
2726
2605
2547
2427
2359
2289
2270
2173
