Ag(111) limpa 3d e 3p
   371.00003   366.00003    -0.20000     1.00000     0.30000    26    30.0
LO MagPE 30.000KE/1  Ex=1486.599eV WF=4.000eV Ck=XL Det=MCD Ent=6x12mm Exit=4mm
4731
4821
5197
5423
6154
7054
8311
10424
13578
17933
23338
28556
32551
33289
30288
23692
16610
11310
7737
5734
4579
3911
3357
3170
2898
2880
   579.00006   567.00006    -0.50000     1.00000     0.30000    25    30.0
LO MagPE 30.000KE/1  Ex=1486.599eV WF=4.000eV Ck=XL Det=MCD Ent=6x12mm Exit=4mm
6435
6610
6813
7023
7091
7480
7804
8415
9333
10771
11921
12523
12285
11487
9880
8398
7406
6698
6168
5831
5603
5407
5284
5063
5088
