Ag(111) limpa 3d e 3p
   371.00003   366.00003    -0.20000     1.00000     0.30000    26    30.0
LO MagPE 30.000KE/1  Ex=1486.599eV WF=4.000eV Ck=XL Det=MCD Ent=6x12mm Exit=4mm
4935
5027
5462
5964
6345
7566
8694
10996
14258
18881
24528
30392
34295
35388
31545
24889
17464
11600
8070
6023
4754
4059
3636
3269
3043
2893
   579.00006   567.00006    -0.50000     1.00000     0.30000    25    30.0
LO MagPE 30.000KE/1  Ex=1486.599eV WF=4.000eV Ck=XL Det=MCD Ent=6x12mm Exit=4mm
6447
6744
6956
7140
7289
7730
7967
8917
9794
10886
12312
12940
13081
11883
10221
8846
7736
7087
6410
6055
5720
5641
5457
5378
5255
