Ag(111) limpa 3d e 3p
   371.00003   366.00003    -0.20000     1.00000     0.30000    26    30.0
LO MagPE 30.000KE/1  Ex=1486.599eV WF=4.000eV Ck=XL Det=MCD Ent=6x12mm Exit=4mm
7545
8293
8635
9470
10853
12576
15696
19659
25826
34896
46097
56243
63726
64125
56539
43893
30163
19470
13544
9837
7553
6446
5583
5235
4646
4427
   579.00006   567.00006    -0.50000     1.00000     0.30000    25    30.0
LO MagPE 30.000KE/1  Ex=1486.599eV WF=4.000eV Ck=XL Det=MCD Ent=6x12mm Exit=4mm
8767
8986
9327
9628
10304
10708
11812
13147
15216
17793
20514
22714
22014
19773
16552
13583
11523
10023
8818
8055
7496
7161
6770
6602
6330
