Ag(111) limpa 3d e 3p
   371.00003   366.00003    -0.20000     1.00000     0.30000    26    30.0
LO MagPE 30.000KE/1  Ex=1486.599eV WF=4.000eV Ck=XL Det=MCD Ent=6x12mm Exit=4mm
3639
3863
4129
4270
4968
5523
6556
8119
10563
13977
18280
22831
25961
26677
23800
18579
12802
8481
5808
4502
3579
2969
2727
2616
2189
2211
   579.00006   567.00006    -0.50000     1.00000     0.30000    25    30.0
LO MagPE 30.000KE/1  Ex=1486.599eV WF=4.000eV Ck=XL Det=MCD Ent=6x12mm Exit=4mm
4857
5004
5167
5302
5499
5610
5823
6476
7059
8020
8674
9244
9026
8486
7155
6235
5404
4913
4394
4249
4115
3967
3731
3712
3642
