Ag(111) limpa 3d e 3p
   371.00003   366.00003    -0.20000     1.00000     0.30000    26    30.0
LO MagPE 30.000KE/1  Ex=1486.599eV WF=4.000eV Ck=XL Det=MCD Ent=6x12mm Exit=4mm
1785
1911
2116
2244
2523
3108
3697
4640
6078
8007
10603
13287
14919
14753
13309
10140
7026
4609
3134
2354
1853
1591
1343
1150
1127
1020
   579.00006   567.00006    -0.50000     1.00000     0.30000    25    30.0
LO MagPE 30.000KE/1  Ex=1486.599eV WF=4.000eV Ck=XL Det=MCD Ent=6x12mm Exit=4mm
2449
2476
2626
2598
2720
2925
3116
3450
3815
4368
4870
5436
5260
4678
4091
3385
2982
2650
2428
2287
2173
2069
2016
2062
1877
