Ag(111) limpa 3d e 3p
   371.00003   366.00003    -0.20000     1.00000     0.30000    26    30.0
LO MagPE 30.000KE/1  Ex=1486.599eV WF=4.000eV Ck=XL Det=MCD Ent=6x12mm Exit=4mm
1889
2099
2303
2473
2940
3406
4121
5240
7102
9414
12569
15316
17084
16708
14755
11308
7786
5072
3503
2522
1885
1754
1451
1282
1255
1119
   579.00006   567.00006    -0.50000     1.00000     0.30000    25    30.0
LO MagPE 30.000KE/1  Ex=1486.599eV WF=4.000eV Ck=XL Det=MCD Ent=6x12mm Exit=4mm
2374
2367
2424
2620
2683
2875
3038
3529
3809
4481
5149
5614
5359
4751
4164
3450
2926
2574
2297
2143
1964
1999
1909
1808
1797
