Ag(111) limpa 3d e 3p
   371.00003   366.00003    -0.20000     1.00000     0.30000    26    30.0
LO MagPE 30.000KE/1  Ex=1486.599eV WF=4.000eV Ck=XL Det=MCD Ent=6x12mm Exit=4mm
2248
2362
2687
2829
3353
3887
4832
6084
8128
11136
14619
17725
19797
19563
16931
12905
8981
5712
3902
2933
2268
1901
1627
1559
1348
1309
   579.00006   567.00006    -0.50000     1.00000     0.30000    25    30.0
LO MagPE 30.000KE/1  Ex=1486.599eV WF=4.000eV Ck=XL Det=MCD Ent=6x12mm Exit=4mm
2680
2753
2774
2788
3040
3112
3408
3836
4408
4950
5699
6072
6105
5641
4548
3718
3253
2921
2519
2419
2234
2188
2026
2041
1939
