Ag(111) limpa 3d e 3p
   371.00003   366.00003    -0.20000     1.00000     0.30000    26    30.0
LO MagPE 30.000KE/1  Ex=1486.599eV WF=4.000eV Ck=XL Det=MCD Ent=6x12mm Exit=4mm
2036
2124
2293
2454
2690
3099
3674
4596
6002
7801
10230
12460
14474
14528
12756
10138
6790
4584
3176
2378
1924
1613
1407
1345
1208
1195
   579.00006   567.00006    -0.50000     1.00000     0.30000    25    30.0
LO MagPE 30.000KE/1  Ex=1486.599eV WF=4.000eV Ck=XL Det=MCD Ent=6x12mm Exit=4mm
2747
2846
2814
2967
3084
3203
3342
3632
3989
4377
4854
5098
4732
4456
3754
3231
2873
2490
2378
2158
2189
2017
2043
1888
1930
