Ag(111) limpa 3d e 3p
   371.00003   366.00003    -0.20000     1.00000     0.30000    26    30.0
LO MagPE 30.000KE/1  Ex=1486.599eV WF=4.000eV Ck=XL Det=MCD Ent=6x12mm Exit=4mm
5797
6091
6505
7094
8082
9299
11008
14100
18705
24691
32241
39148
44301
44671
39195
30812
21284
14199
9901
7291
5876
4775
4137
3963
3610
3502
   579.00006   567.00006    -0.50000     1.00000     0.30000    25    30.0
LO MagPE 30.000KE/1  Ex=1486.599eV WF=4.000eV Ck=XL Det=MCD Ent=6x12mm Exit=4mm
7582
7647
7724
8039
8334
8757
9248
9933
11302
12643
14530
15255
14941
13709
11686
10283
8605
7871
7309
6940
6564
6398
6230
5988
5883
