Ag(111) limpa 3d e 3p
   371.00003   366.00003    -0.20000     1.00000     0.30000    26    30.0
LO MagPE 30.000KE/1  Ex=1486.599eV WF=4.000eV Ck=XL Det=MCD Ent=6x12mm Exit=4mm
2025
2114
2372
2563
2826
3422
4264
5357
6937
9322
12435
15274
16866
16678
14673
11110
7973
5146
3461
2611
2035
1702
1441
1304
1249
1159
   579.00006   567.00006    -0.50000     1.00000     0.30000    25    30.0
LO MagPE 30.000KE/1  Ex=1486.599eV WF=4.000eV Ck=XL Det=MCD Ent=6x12mm Exit=4mm
2652
2701
2756
2736
2960
3121
3392
3692
4171
4834
5330
5678
5635
5277
4450
3765
3254
2831
2629
2424
2225
2246
2152
2050
2008
