Ag(111) limpa 3d e 3p
   371.00003   366.00003    -0.20000     1.00000     0.30000    26    30.0
LO MagPE 30.000KE/1  Ex=1486.599eV WF=4.000eV Ck=XL Det=MCD Ent=6x12mm Exit=4mm
2014
2213
2372
2653
3006
3612
4392
5524
7293
9797
12834
15564
17525
17084
14889
11498
7961
5148
3537
2626
2083
1751
1462
1379
1293
1194
   579.00006   567.00006    -0.50000     1.00000     0.30000    25    30.0
LO MagPE 30.000KE/1  Ex=1486.599eV WF=4.000eV Ck=XL Det=MCD Ent=6x12mm Exit=4mm
2817
2873
2918
3002
3020
3330
3412
3831
4487
5173
5725
6214
6104
5552
4639
3796
3387
2865
2706
2650
2388
2323
2154
2186
2157
