Ag(111) limpa 3d e 3p
   371.00003   366.00003    -0.20000     1.00000     0.30000    26    30.0
LO MagPE 30.000KE/1  Ex=1486.599eV WF=4.000eV Ck=XL Det=MCD Ent=6x12mm Exit=4mm
1739
1845
2034
2209
2475
2812
3510
4427
5824
7618
9995
12378
13971
14078
12485
9577
6799
4520
3052
2270
1880
1530
1380
1239
1085
1036
   579.00006   567.00006    -0.50000     1.00000     0.30000    25    30.0
LO MagPE 30.000KE/1  Ex=1486.599eV WF=4.000eV Ck=XL Det=MCD Ent=6x12mm Exit=4mm
2406
2412
2521
2613
2725
2812
2977
3214
3675
4080
4517
4962
4932
4420
3822
3307
2783
2617
2355
2295
2091
2096
2000
1998
1927
