Ag(111) limpa 3d e 3p
   371.00003   366.00003    -0.20000     1.00000     0.30000    26    30.0
LO MagPE 30.000KE/1  Ex=1486.599eV WF=4.000eV Ck=XL Det=MCD Ent=6x12mm Exit=4mm
4768
5163
5320
5722
6451
7403
8820
10888
14270
18732
24705
31080
35323
36363
33163
26157
18335
12038
8283
6096
4834
4140
3650
3389
3070
2905
   579.00006   567.00006    -0.50000     1.00000     0.30000    25    30.0
LO MagPE 30.000KE/1  Ex=1486.599eV WF=4.000eV Ck=XL Det=MCD Ent=6x12mm Exit=4mm
6413
6525
6848
7113
7210
7562
7778
8497
9488
10486
11814
12407
12254
11484
9880
8550
7569
6826
6314
5861
5516
5496
5413
5051
5080
