Ag(111) limpa 3d e 3p
   371.00003   366.00003    -0.20000     1.00000     0.30000    26    30.0
LO MagPE 30.000KE/1  Ex=1486.599eV WF=4.000eV Ck=XL Det=MCD Ent=6x12mm Exit=4mm
6013
6460
6811
7240
8309
9819
11693
14638
19276
26103
33852
41426
45818
45853
39896
30636
21642
14165
9911
7435
5973
4875
4334
3938
3666
3638
   579.00006   567.00006    -0.50000     1.00000     0.30000    25    30.0
LO MagPE 30.000KE/1  Ex=1486.599eV WF=4.000eV Ck=XL Det=MCD Ent=6x12mm Exit=4mm
7855
7884
8132
8625
8860
9392
9992
10839
12325
13969
15713
16744
16670
14891
12857
10716
9293
8071
7492
7060
6627
6433
6224
6063
5832
