Ag(111) limpa 3d e 3p
   371.00003   366.00003    -0.20000     1.00000     0.30000    26    30.0
LO MagPE 30.000KE/1  Ex=1486.599eV WF=4.000eV Ck=XL Det=MCD Ent=6x12mm Exit=4mm
5167
5450
5738
6484
7152
8104
9738
12145
15922
21170
27710
34601
39690
40281
36271
28034
19603
13063
8935
6625
5299
4462
3949
3476
3219
3040
   579.00006   567.00006    -0.50000     1.00000     0.30000    25    30.0
LO MagPE 30.000KE/1  Ex=1486.599eV WF=4.000eV Ck=XL Det=MCD Ent=6x12mm Exit=4mm
6405
6544
6837
7129
7293
7751
8105
8955
9953
11648
13082
13776
13718
12444
10563
8884
7466
6709
6104
5740
5267
5095
4944
4841
4659
