Ag(111) limpa 3d e 3p
   371.00003   366.00003    -0.20000     1.00000     0.30000    26    30.0
LO MagPE 30.000KE/1  Ex=1486.599eV WF=4.000eV Ck=XL Det=MCD Ent=6x12mm Exit=4mm
4421
4546
4861
5214
5838
6741
7964
9968
12750
16902
22413
27544
31635
32461
29025
22761
15933
10634
7370
5284
4338
3655
3250
2973
2756
2630
   579.00006   567.00006    -0.50000     1.00000     0.30000    25    30.0
LO MagPE 30.000KE/1  Ex=1486.599eV WF=4.000eV Ck=XL Det=MCD Ent=6x12mm Exit=4mm
5560
5903
5946
6184
6154
6613
6903
7560
8518
9568
10391
11178
10943
10023
8462
7414
6396
5619
5341
5111
4749
4563
4452
4356
4176
