Ag(111) limpa 3d e 3p
   371.00003   366.00003    -0.20000     1.00000     0.30000    26    30.0
LO MagPE 30.000KE/1  Ex=1486.599eV WF=4.000eV Ck=XL Det=MCD Ent=6x12mm Exit=4mm
1545
1694
1756
1999
2405
2772
3355
4197
5634
7483
9882
11934
13343
13064
11438
8407
5949
3848
2634
2110
1570
1285
1108
1094
1092
959
   579.00006   567.00006    -0.50000     1.00000     0.30000    25    30.0
LO MagPE 30.000KE/1  Ex=1486.599eV WF=4.000eV Ck=XL Det=MCD Ent=6x12mm Exit=4mm
2100
2212
2227
2359
2485
2484
2709
3022
3399
3929
4310
4611
4407
4086
3471
2945
2568
2341
2194
2059
1987
1735
1759
1733
1674
