Ag(111) limpa 3d e 3p
   371.00003   366.00003    -0.20000     1.00000     0.30000    26    30.0
LO MagPE 30.000KE/1  Ex=1486.599eV WF=4.000eV Ck=XL Det=MCD Ent=6x12mm Exit=4mm
1856
1932
2222
2344
2710
3177
3920
5240
6831
9084
11820
14708
16084
15746
14041
10672
7356
4762
3369
2393
1903
1566
1356
1238
1163
1103
   579.00006   567.00006    -0.50000     1.00000     0.30000    25    30.0
LO MagPE 30.000KE/1  Ex=1486.599eV WF=4.000eV Ck=XL Det=MCD Ent=6x12mm Exit=4mm
2257
2403
2497
2574
2741
2884
3129
3358
3881
4486
5039
5455
5363
4704
4016
3346
2896
2703
2388
2249
2043
1941
1925
1823
1834
