Ag(111) limpa 3d e 3p
   371.00003   366.00003    -0.20000     1.00000     0.30000    26    30.0
LO MagPE 30.000KE/1  Ex=1486.599eV WF=4.000eV Ck=XL Det=MCD Ent=6x12mm Exit=4mm
2531
2672
3066
3297
3728
4387
5461
7094
9510
12537
16925
20131
22315
22042
19296
15039
10236
6639
4554
3254
2614
2080
1835
1622
1518
1445
   579.00006   567.00006    -0.50000     1.00000     0.30000    25    30.0
LO MagPE 30.000KE/1  Ex=1486.599eV WF=4.000eV Ck=XL Det=MCD Ent=6x12mm Exit=4mm
2879
2981
3081
3248
3470
3676
4046
4456
5131
6072
6929
7443
7282
6520
5391
4409
3710
3183
2905
2667
2429
2448
2294
2166
2056
