Ag(111) limpa 3d e 3p
   371.00003   366.00003    -0.20000     1.00000     0.30000    26    30.0
LO MagPE 30.000KE/1  Ex=1486.599eV WF=4.000eV Ck=XL Det=MCD Ent=6x12mm Exit=4mm
2205
2377
2578
2852
3107
3782
4632
6057
7965
10745
13948
17169
19050
19011
16657
12659
8713
5627
3823
2790
2256
1779
1612
1383
1341
1275
   579.00006   567.00006    -0.50000     1.00000     0.30000    25    30.0
LO MagPE 30.000KE/1  Ex=1486.599eV WF=4.000eV Ck=XL Det=MCD Ent=6x12mm Exit=4mm
2602
2611
2688
2852
3001
3105
3279
3886
4113
5028
5714
6147
5916
5249
4694
3661
3335
2794
2560
2440
2192
2092
2104
1961
1910
