Ag(111) limpa 3d e 3p
   371.00003   366.00003    -0.20000     1.00000     0.30000    26    30.0
LO MagPE 30.000KE/1  Ex=1486.599eV WF=4.000eV Ck=XL Det=MCD Ent=6x12mm Exit=4mm
2150
2368
2506
2793
3206
3657
4635
5952
7812
10403
13780
16752
18861
18766
16841
13065
8999
6049
4080
2896
2330
1908
1633
1499
1383
1320
   579.00006   567.00006    -0.50000     1.00000     0.30000    25    30.0
LO MagPE 30.000KE/1  Ex=1486.599eV WF=4.000eV Ck=XL Det=MCD Ent=6x12mm Exit=4mm
2561
2655
2798
2933
3102
3283
3502
3966
4579
5119
5822
6538
6569
5584
4806
4070
3420
2989
2576
2470
2407
2192
2031
1947
1906
