Ag(111) limpa 3d e 3p
   371.00003   366.00003    -0.20000     1.00000     0.30000    26    30.0
LO MagPE 30.000KE/1  Ex=1486.599eV WF=4.000eV Ck=XL Det=MCD Ent=6x12mm Exit=4mm
1704
1753
2055
2175
2526
2894
3560
4438
5968
8014
10378
12685
14411
14575
12676
9892
6796
4481
3064
2311
1736
1494
1300
1176
1081
1126
   579.00006   567.00006    -0.50000     1.00000     0.30000    25    30.0
LO MagPE 30.000KE/1  Ex=1486.599eV WF=4.000eV Ck=XL Det=MCD Ent=6x12mm Exit=4mm
2451
2504
2512
2609
2810
2781
2960
3311
3776
4127
4660
4963
5026
4583
3877
3421
2882
2584
2463
2287
2201
2133
1924
1990
2036
