Ag(111) limpa 3d e 3p
   371.00003   366.00003    -0.20000     1.00000     0.30000    26    30.0
LO MagPE 30.000KE/1  Ex=1486.599eV WF=4.000eV Ck=XL Det=MCD Ent=6x12mm Exit=4mm
2220
2285
2347
2559
2807
3188
3958
4885
6320
8497
10638
13412
15019
14900
13124
9805
6743
4414
3231
2411
1944
1690
1524
1451
1391
1289
   579.00006   567.00006    -0.50000     1.00000     0.30000    25    30.0
LO MagPE 30.000KE/1  Ex=1486.599eV WF=4.000eV Ck=XL Det=MCD Ent=6x12mm Exit=4mm
2923
2886
2984
3077
3192
3340
3453
3815
4216
4636
5066
5456
5261
4557
3938
3422
3005
2640
2574
2412
2219
2113
2096
2087
2000
