Ag(111) limpa 3d e 3p
   371.00003   366.00003    -0.20000     1.00000     0.30000    26    30.0
LO MagPE 30.000KE/1  Ex=1486.599eV WF=4.000eV Ck=XL Det=MCD Ent=6x12mm Exit=4mm
5975
6490
6704
7390
8422
9717
11687
14663
18998
25350
33144
41033
47078
47554
42256
32929
22945
15478
10459
7716
6055
5036
4535
4065
3859
3636
   579.00006   567.00006    -0.50000     1.00000     0.30000    25    30.0
LO MagPE 30.000KE/1  Ex=1486.599eV WF=4.000eV Ck=XL Det=MCD Ent=6x12mm Exit=4mm
7453
7873
8004
8239
8637
8771
9460
10201
11347
13036
14553
15684
15451
13981
12171
10313
9006
7781
7300
6833
6529
6267
6189
6032
5927
