Ag(111) limpa 3d e 3p
   371.00003   366.00003    -0.20000     1.00000     0.30000    26    30.0
LO MagPE 30.000KE/1  Ex=1486.599eV WF=4.000eV Ck=XL Det=MCD Ent=6x12mm Exit=4mm
4913
5114
5471
6115
6600
7732
9126
11690
15203
20079
26392
32930
37002
37032
33166
25724
17797
11749
8013
5960
4794
4016
3550
3268
3020
2956
   579.00006   567.00006    -0.50000     1.00000     0.30000    25    30.0
LO MagPE 30.000KE/1  Ex=1486.599eV WF=4.000eV Ck=XL Det=MCD Ent=6x12mm Exit=4mm
6050
6244
6352
6593
6809
7092
7704
8111
9213
10802
12042
12741
12483
11362
9706
8074
7146
6301
5702
5399
5070
4944
4516
4541
4454
