Ag(111) limpa 3d e 3p
   371.00003   366.00003    -0.20000     1.00000     0.30000    26    30.0
LO MagPE 30.000KE/1  Ex=1486.599eV WF=4.000eV Ck=XL Det=MCD Ent=6x12mm Exit=4mm
5415
5766
6033
6701
7453
8370
10013
12691
16468
21929
28603
36011
40897
42054
37572
29448
20896
13751
9602
6845
5512
4871
4091
3671
3497
3243
   579.00006   567.00006    -0.50000     1.00000     0.30000    25    30.0
LO MagPE 30.000KE/1  Ex=1486.599eV WF=4.000eV Ck=XL Det=MCD Ent=6x12mm Exit=4mm
7193
7588
7466
7915
8213
8735
9135
9955
11352
13076
14552
15374
15490
13963
12122
10255
8892
7888
7050
6749
6288
6143
5855
5714
5573
