Ag(111) limpa 3d e 3p
   371.00003   366.00003    -0.20000     1.00000     0.30000    26    30.0
LO MagPE 30.000KE/1  Ex=1486.599eV WF=4.000eV Ck=XL Det=MCD Ent=6x12mm Exit=4mm
4065
4140
4449
4654
5227
6154
7056
8791
11316
14849
19364
24408
27747
29004
26454
20777
14658
9820
6591
4925
3926
3331
2904
2692
2428
2379
   579.00006   567.00006    -0.50000     1.00000     0.30000    25    30.0
LO MagPE 30.000KE/1  Ex=1486.599eV WF=4.000eV Ck=XL Det=MCD Ent=6x12mm Exit=4mm
5237
5392
5568
5666
5940
5957
6427
6833
7507
8557
9401
10211
9930
9018
7914
6724
5815
5308
4848
4650
4468
4174
4137
4009
4003
