Ag(111) limpa 3d e 3p
   371.00003   366.00003    -0.20000     1.00000     0.30000    26    30.0
LO MagPE 30.000KE/1  Ex=1486.599eV WF=4.000eV Ck=XL Det=MCD Ent=6x12mm Exit=4mm
3499
3677
4000
4246
4679
5426
6163
7626
9593
12983
16606
20910
24336
24901
22433
18046
12714
8412
5850
4340
3569
2983
2759
2430
2352
2262
   579.00006   567.00006    -0.50000     1.00000     0.30000    25    30.0
LO MagPE 30.000KE/1  Ex=1486.599eV WF=4.000eV Ck=XL Det=MCD Ent=6x12mm Exit=4mm
4981
4968
5120
5381
5230
5524
5731
6193
6837
7568
8500
8779
8694
8016
7059
6029
5470
5047
4553
4469
4134
4114
4042
4034
3936
