Ag(111) limpa 3d e 3p
   371.00003   366.00003    -0.20000     1.00000     0.30000    26    30.0
LO MagPE 30.000KE/1  Ex=1486.599eV WF=4.000eV Ck=XL Det=MCD Ent=6x12mm Exit=4mm
3252
3382
3625
3944
4320
4865
5734
7098
9287
11986
15780
19513
22350
23068
20560
16273
11179
7436
5295
4123
3067
2859
2429
2257
2192
2033
   579.00006   567.00006    -0.50000     1.00000     0.30000    25    30.0
LO MagPE 30.000KE/1  Ex=1486.599eV WF=4.000eV Ck=XL Det=MCD Ent=6x12mm Exit=4mm
4652
4772
4887
5040
5113
5255
5474
5859
6387
7056
7769
7983
7923
7298
6406
5701
5254
4723
4314
4002
4024
3801
3749
3726
3695
