Ag(111) limpa 3d e 3p
   371.00003   366.00003    -0.20000     1.00000     0.30000    26    30.0
LO MagPE 30.000KE/1  Ex=1486.599eV WF=4.000eV Ck=XL Det=MCD Ent=6x12mm Exit=4mm
5041
5183
5629
6072
6725
7729
9058
11653
14845
19346
25891
31906
36043
36658
32491
25602
18183
12213
8510
6146
4980
4195
3652
3385
3221
3078
   579.00006   567.00006    -0.50000     1.00000     0.30000    25    30.0
LO MagPE 30.000KE/1  Ex=1486.599eV WF=4.000eV Ck=XL Det=MCD Ent=6x12mm Exit=4mm
6716
6782
6727
7029
7218
7674
8292
8863
10008
11172
12276
13201
12870
11773
10193
8608
7782
6952
6352
5882
5824
5555
5379
5336
5147
