Ag(111) limpa 3d e 3p
   371.00003   366.00003    -0.20000     1.00000     0.30000    26    30.0
LO MagPE 30.000KE/1  Ex=1486.599eV WF=4.000eV Ck=XL Det=MCD Ent=6x12mm Exit=4mm
1591
1670
1920
2152
2307
2886
3470
4318
5774
7755
10198
12248
13241
13101
11186
8623
5833
4016
2761
2038
1645
1419
1172
1080
978
983
   579.00006   567.00006    -0.50000     1.00000     0.30000    25    30.0
LO MagPE 30.000KE/1  Ex=1486.599eV WF=4.000eV Ck=XL Det=MCD Ent=6x12mm Exit=4mm
2446
2434
2535
2594
2747
2833
3021
3184
3747
4334
4712
5198
5167
4575
3792
3325
2875
2551
2331
2254
2035
2050
1983
2006
1866
