Ag(111) limpa 3d e 3p
   371.00003   366.00003    -0.20000     1.00000     0.30000    26    30.0
LO MagPE 30.000KE/1  Ex=1486.599eV WF=4.000eV Ck=XL Det=MCD Ent=6x12mm Exit=4mm
2164
2302
2501
2824
3172
3688
4640
5947
7933
10505
13650
16569
18176
17820
15281
11426
7994
5098
3644
2633
2060
1690
1506
1377
1248
1254
   579.00006   567.00006    -0.50000     1.00000     0.30000    25    30.0
LO MagPE 30.000KE/1  Ex=1486.599eV WF=4.000eV Ck=XL Det=MCD Ent=6x12mm Exit=4mm
2804
2869
2959
3098
3316
3500
3883
4249
4616
5775
6272
6640
6696
5963
4943
4155
3515
3094
2728
2557
2500
2263
2194
2202
2022
