Ag(111) limpa 3d e 3p
   371.00003   366.00003    -0.20000     1.00000     0.30000    26    30.0
LO MagPE 30.000KE/1  Ex=1486.599eV WF=4.000eV Ck=XL Det=MCD Ent=6x12mm Exit=4mm
5215
5370
5686
6251
6873
8216
9557
12182
15853
21148
27478
33531
37943
38264
34037
26586
18694
12486
8633
6400
5133
4328
3920
3653
3302
3144
   579.00006   567.00006    -0.50000     1.00000     0.30000    25    30.0
LO MagPE 30.000KE/1  Ex=1486.599eV WF=4.000eV Ck=XL Det=MCD Ent=6x12mm Exit=4mm
7103
7506
7559
7796
8030
8366
8898
9444
10655
11972
13246
14126
14116
12954
11139
9463
8446
7502
7048
6576
6234
6034
5993
5810
5941
