Ag(111) limpa 3d e 3p
   371.00003   366.00003    -0.20000     1.00000     0.30000    26    30.0
LO MagPE 30.000KE/1  Ex=1486.599eV WF=4.000eV Ck=XL Det=MCD Ent=6x12mm Exit=4mm
3880
3889
4238
4332
4973
5501
6585
8247
10429
13887
18103
22466
25530
26270
23741
18648
13295
8817
6154
4576
3706
3143
2804
2551
2346
2241
   579.00006   567.00006    -0.50000     1.00000     0.30000    25    30.0
LO MagPE 30.000KE/1  Ex=1486.599eV WF=4.000eV Ck=XL Det=MCD Ent=6x12mm Exit=4mm
5427
5540
5701
5831
6150
6317
6617
7232
7871
8714
9706
10174
10113
9328
8005
6863
6085
5446
5041
4751
4534
4324
4274
4181
4190
