Ag(111) limpa 3d e 3p
   371.00003   366.00003    -0.20000     1.00000     0.30000    26    30.0
LO MagPE 30.000KE/1  Ex=1486.599eV WF=4.000eV Ck=XL Det=MCD Ent=6x12mm Exit=4mm
3157
3198
3305
3628
4117
4484
5266
6524
8415
11040
14541
18053
20744
21132
19286
15549
10977
7206
5002
3858
3048
2572
2445
2051
2012
2024
   579.00006   567.00006    -0.50000     1.00000     0.30000    25    30.0
LO MagPE 30.000KE/1  Ex=1486.599eV WF=4.000eV Ck=XL Det=MCD Ent=6x12mm Exit=4mm
4512
4531
4849
4915
4908
5067
5275
5600
6073
6767
7431
7636
7577
6781
6041
5255
4760
4379
4175
3905
3740
3505
3612
3385
3538
