Ag(111) limpa 3d e 3p
   371.00003   366.00003    -0.20000     1.00000     0.30000    26    30.0
LO MagPE 30.000KE/1  Ex=1486.599eV WF=4.000eV Ck=XL Det=MCD Ent=6x12mm Exit=4mm
4364
4518
4797
5232
5862
6701
8036
9819
12528
16996
22065
28019
32124
33031
30062
23894
16619
10871
7532
5555
4329
3775
3247
3005
2609
2559
   579.00006   567.00006    -0.50000     1.00000     0.30000    25    30.0
LO MagPE 30.000KE/1  Ex=1486.599eV WF=4.000eV Ck=XL Det=MCD Ent=6x12mm Exit=4mm
5402
5646
5794
5706
5952
6205
6693
7181
7991
8798
10228
10938
10744
9728
8358
7176
6014
5393
5026
4744
4460
4254
4024
4099
4062
