Ag(111) limpa 3d e 3p
   371.00003   366.00003    -0.20000     1.00000     0.30000    26    30.0
LO MagPE 30.000KE/1  Ex=1486.599eV WF=4.000eV Ck=XL Det=MCD Ent=6x12mm Exit=4mm
4634
4786
5091
5560
6174
7134
8364
10335
13554
18405
24059
30094
34499
35150
31258
24606
17134
11180
7578
5656
4615
3897
3366
3095
2823
2732
   579.00006   567.00006    -0.50000     1.00000     0.30000    25    30.0
LO MagPE 30.000KE/1  Ex=1486.599eV WF=4.000eV Ck=XL Det=MCD Ent=6x12mm Exit=4mm
5559
5799
6020
6011
6254
6365
6782
7572
8441
9617
10559
11573
11101
10482
8830
7371
6386
5695
5150
4743
4513
4466
4272
4116
4057
