Ag(111) limpa 3d e 3p
   371.00003   366.00003    -0.20000     1.00000     0.30000    26    30.0
LO MagPE 30.000KE/1  Ex=1486.599eV WF=4.000eV Ck=XL Det=MCD Ent=6x12mm Exit=4mm
2183
2430
2537
2848
3213
3595
4556
6094
7706
10358
13703
16937
19123
19238
16901
13175
9120
5918
4024
2878
2225
1892
1639
1491
1358
1288
   579.00006   567.00006    -0.50000     1.00000     0.30000    25    30.0
LO MagPE 30.000KE/1  Ex=1486.599eV WF=4.000eV Ck=XL Det=MCD Ent=6x12mm Exit=4mm
2603
2650
2751
2866
2981
3233
3473
3889
4427
5276
5951
6326
6508
5658
4753
3940
3406
2917
2762
2401
2285
2226
2083
2048
1977
