Ag(111) limpa 3d e 3p
   371.00003   366.00003    -0.20000     1.00000     0.30000    26    30.0
LO MagPE 30.000KE/1  Ex=1486.599eV WF=4.000eV Ck=XL Det=MCD Ent=6x12mm Exit=4mm
5142
5316
5865
6203
6706
7868
9533
11932
15377
20703
26990
33612
38313
38780
35245
27452
19069
12528
8737
6526
5069
4251
3844
3405
3193
3105
   579.00006   567.00006    -0.50000     1.00000     0.30000    25    30.0
LO MagPE 30.000KE/1  Ex=1486.599eV WF=4.000eV Ck=XL Det=MCD Ent=6x12mm Exit=4mm
6402
6483
6700
6896
7281
7384
8121
8769
9929
11216
12680
13652
13649
11950
10312
8801
7424
6741
6179
5626
5310
5010
4868
4794
4706
