Ag(111) limpa 3d e 3p
   371.00003   366.00003    -0.20000     1.00000     0.30000    26    30.0
LO MagPE 30.000KE/1  Ex=1486.599eV WF=4.000eV Ck=XL Det=MCD Ent=6x12mm Exit=4mm
1958
2150
2365
2745
2995
3411
4216
5272
7035
9198
12528
15179
16661
16579
14535
11070
7700
5037
3616
2466
2062
1690
1494
1352
1246
1143
   579.00006   567.00006    -0.50000     1.00000     0.30000    25    30.0
LO MagPE 30.000KE/1  Ex=1486.599eV WF=4.000eV Ck=XL Det=MCD Ent=6x12mm Exit=4mm
2508
2709
2766
2906
3004
3069
3306
3683
4247
4752
5281
5762
5576
5217
4313
3590
3251
2803
2595
2462
2269
2141
2263
2031
2029
