Ag(111) limpa 3d e 3p
   371.00003   366.00003    -0.20000     1.00000     0.30000    26    30.0
LO MagPE 30.000KE/1  Ex=1486.599eV WF=4.000eV Ck=XL Det=MCD Ent=6x12mm Exit=4mm
6687
7178
7603
8120
9327
10884
13098
16877
22128
29561
38715
46767
52473
52534
45432
35068
24217
16044
10958
8116
6533
5514
4712
4343
4042
3788
   579.00006   567.00006    -0.50000     1.00000     0.30000    25    30.0
LO MagPE 30.000KE/1  Ex=1486.599eV WF=4.000eV Ck=XL Det=MCD Ent=6x12mm Exit=4mm
7710
7974
8205
8418
8760
9232
9848
10936
12195
14008
15777
16915
16452
15066
12703
10853
9328
8199
7602
7066
6675
6393
6254
6070
5977
