Ag(111) limpa 3d e 3p
   371.00003   366.00003    -0.20000     1.00000     0.30000    26    30.0
LO MagPE 30.000KE/1  Ex=1486.599eV WF=4.000eV Ck=XL Det=MCD Ent=6x12mm Exit=4mm
1882
2034
2199
2447
2716
3173
3859
4962
6549
8712
11417
14141
15923
15959
14130
10755
7466
4877
3384
2437
1954
1571
1442
1290
1190
1077
   579.00006   567.00006    -0.50000     1.00000     0.30000    25    30.0
LO MagPE 30.000KE/1  Ex=1486.599eV WF=4.000eV Ck=XL Det=MCD Ent=6x12mm Exit=4mm
2618
2607
2765
2709
2988
3050
3291
3586
4004
4654
5077
5626
5549
5023
4334
3714
3133
2749
2574
2311
2280
2180
2159
2066
1989
