Ag(111) limpa 3d e 3p
   371.00003   366.00003    -0.20000     1.00000     0.30000    26    30.0
LO MagPE 30.000KE/1  Ex=1486.599eV WF=4.000eV Ck=XL Det=MCD Ent=6x12mm Exit=4mm
1640
1660
1821
1996
2308
2731
3242
4083
5405
7205
9620
11271
12708
12785
11004
8409
5703
3978
2693
1955
1637
1324
1132
1095
1041
990
   579.00006   567.00006    -0.50000     1.00000     0.30000    25    30.0
LO MagPE 30.000KE/1  Ex=1486.599eV WF=4.000eV Ck=XL Det=MCD Ent=6x12mm Exit=4mm
2497
2452
2567
2619
2642
2737
3038
3317
3581
3955
4474
4663
4847
4360
3829
3166
2814
2556
2398
2298
2117
2107
2031
2003
1952
