Ag(111) limpa 3d e 3p
   371.00003   366.00003    -0.20000     1.00000     0.30000    26    30.0
LO MagPE 30.000KE/1  Ex=1486.599eV WF=4.000eV Ck=XL Det=MCD Ent=6x12mm Exit=4mm
1780
1736
1900
1998
2286
2533
2932
3607
4656
6235
7974
9834
11169
11310
9973
7714
5375
3635
2538
1940
1561
1391
1195
1136
1122
978
   579.00006   567.00006    -0.50000     1.00000     0.30000    25    30.0
LO MagPE 30.000KE/1  Ex=1486.599eV WF=4.000eV Ck=XL Det=MCD Ent=6x12mm Exit=4mm
2470
2597
2787
2654
2687
2858
2925
3188
3505
3747
4103
4317
4037
3767
3190
2807
2581
2271
2197
2119
2029
2010
2003
1966
1876
