Ag(111) limpa 3d e 3p
   371.00003   366.00003    -0.20000     1.00000     0.30000    26    30.0
LO MagPE 30.000KE/1  Ex=1486.599eV WF=4.000eV Ck=XL Det=MCD Ent=6x12mm Exit=4mm
4302
4565
4841
5238
5679
6589
7780
9724
12582
16681
21696
27224
30867
32049
28529
22960
15843
10507
7126
5451
4252
3502
3144
2861
2805
2578
   579.00006   567.00006    -0.50000     1.00000     0.30000    25    30.0
LO MagPE 30.000KE/1  Ex=1486.599eV WF=4.000eV Ck=XL Det=MCD Ent=6x12mm Exit=4mm
5648
5914
5898
6196
6308
6604
6830
7510
8237
9326
10462
11008
11109
9984
8628
7500
6501
5841
5320
5040
4872
4686
4550
4521
4390
