Ag(111) limpa 3d e 3p
   371.00003   366.00003    -0.20000     1.00000     0.30000    26    30.0
LO MagPE 30.000KE/1  Ex=1486.599eV WF=4.000eV Ck=XL Det=MCD Ent=6x12mm Exit=4mm
1787
1995
2087
2253
2554
3048
3723
4964
6468
8669
11041
13579
15136
14812
12861
9811
6949
4500
3046
2245
1755
1459
1315
1184
1034
1038
   579.00006   567.00006    -0.50000     1.00000     0.30000    25    30.0
LO MagPE 30.000KE/1  Ex=1486.599eV WF=4.000eV Ck=XL Det=MCD Ent=6x12mm Exit=4mm
2370
2512
2586
2676
2712
3031
3039
3509
3804
4472
5148
5362
5237
4672
4144
3382
2901
2591
2418
2268
2158
1995
1971
1952
1957
