Ag(111) limpa 3d e 3p
   371.00003   366.00003    -0.20000     1.00000     0.30000    26    30.0
LO MagPE 30.000KE/1  Ex=1486.599eV WF=4.000eV Ck=XL Det=MCD Ent=6x12mm Exit=4mm
6156
6619
6979
7642
8454
9797
11750
15024
19738
26107
34529
42707
48469
49856
44387
34469
24390
15821
11065
7974
6427
5237
4776
4130
3982
3706
   579.00006   567.00006    -0.50000     1.00000     0.30000    25    30.0
LO MagPE 30.000KE/1  Ex=1486.599eV WF=4.000eV Ck=XL Det=MCD Ent=6x12mm Exit=4mm
7400
7634
7916
8207
8746
9066
9749
10473
11907
13629
15310
16733
16420
14790
12605
10643
9186
8162
7267
6800
6511
6275
5987
5816
5784
