Ag(111) limpa 3d e 3p
   371.00003   366.00003    -0.20000     1.00000     0.30000    26    30.0
LO MagPE 30.000KE/1  Ex=1486.599eV WF=4.000eV Ck=XL Det=MCD Ent=6x12mm Exit=4mm
6643
6964
7569
8247
9419
10839
13174
16816
22140
29216
38569
47544
53107
53320
46646
36588
25168
16868
11433
8433
6733
5626
4864
4378
4174
4051
   579.00006   567.00006    -0.50000     1.00000     0.30000    25    30.0
LO MagPE 30.000KE/1  Ex=1486.599eV WF=4.000eV Ck=XL Det=MCD Ent=6x12mm Exit=4mm
8133
8353
8785
9132
9389
9803
10627
11786
13479
15436
17280
18847
18826
16776
14404
11844
10207
9001
7953
7480
7071
6809
6537
6271
6218
