Ag(111) limpa 3d e 3p
   371.00003   366.00003    -0.20000     1.00000     0.30000    26    30.0
LO MagPE 30.000KE/1  Ex=1486.599eV WF=4.000eV Ck=XL Det=MCD Ent=6x12mm Exit=4mm
6146
6511
6790
7502
8451
9736
11625
15064
19422
25891
33981
41845
47450
48387
43201
33586
23616
15470
10774
7980
6195
5202
4647
4170
3800
3668
   579.00006   567.00006    -0.50000     1.00000     0.30000    25    30.0
LO MagPE 30.000KE/1  Ex=1486.599eV WF=4.000eV Ck=XL Det=MCD Ent=6x12mm Exit=4mm
7834
7735
8092
8252
8776
9080
9772
10617
12420
14121
15927
17063
16941
15268
13081
10766
9508
8376
7580
7017
6637
6374
6164
6028
5749
