Ag(111) limpa 3d e 3p
   371.00003   366.00003    -0.20000     1.00000     0.30000    26    30.0
LO MagPE 30.000KE/1  Ex=1486.599eV WF=4.000eV Ck=XL Det=MCD Ent=6x12mm Exit=4mm
5211
5427
5702
6354
7119
8079
9539
11890
15640
20557
26845
33754
38400
39948
35962
28564
19969
13361
9084
6753
5137
4381
3973
3542
3311
3136
   579.00006   567.00006    -0.50000     1.00000     0.30000    25    30.0
LO MagPE 30.000KE/1  Ex=1486.599eV WF=4.000eV Ck=XL Det=MCD Ent=6x12mm Exit=4mm
6809
6721
7212
7074
7398
7862
8281
9060
9917
11310
12448
13703
13290
12340
10459
9041
7660
6871
6423
6082
5696
5568
5307
5406
5110
