Ag(111) limpa 3d e 3p
   371.00003   366.00003    -0.20000     1.00000     0.30000    26    30.0
LO MagPE 30.000KE/1  Ex=1486.599eV WF=4.000eV Ck=XL Det=MCD Ent=6x12mm Exit=4mm
1639
1687
1884
1975
2231
2722
3345
4211
5734
7559
9718
11720
12929
12617
10911
8304
5714
3789
2653
1982
1598
1298
1115
1050
927
880
   579.00006   567.00006    -0.50000     1.00000     0.30000    25    30.0
LO MagPE 30.000KE/1  Ex=1486.599eV WF=4.000eV Ck=XL Det=MCD Ent=6x12mm Exit=4mm
2469
2404
2436
2612
2688
2769
2958
3337
3710
4251
4789
5073
4827
4447
3855
3327
2753
2517
2339
2145
2113
2024
1933
1935
1950
