Ag(111) limpa 3d e 3p
   371.00003   366.00003    -0.20000     1.00000     0.30000    26    30.0
LO MagPE 30.000KE/1  Ex=1486.599eV WF=4.000eV Ck=XL Det=MCD Ent=6x12mm Exit=4mm
2105
2233
2473
2705
3116
3496
4233
5569
7255
9907
12739
15705
17856
17764
15691
12063
8297
5362
3784
2693
2173
1821
1592
1419
1342
1261
   579.00006   567.00006    -0.50000     1.00000     0.30000    25    30.0
LO MagPE 30.000KE/1  Ex=1486.599eV WF=4.000eV Ck=XL Det=MCD Ent=6x12mm Exit=4mm
2601
2677
2703
2872
3019
3179
3325
3569
4114
4763
5358
5781
5681
4945
4525
3748
3216
2822
2524
2356
2241
2191
2086
2159
2078
