Ag(111) limpa 3d e 3p
   371.00003   366.00003    -0.20000     1.00000     0.30000    26    30.0
LO MagPE 30.000KE/1  Ex=1486.599eV WF=4.000eV Ck=XL Det=MCD Ent=6x12mm Exit=4mm
2276
2478
2542
2797
3159
3608
4269
5261
6840
9012
11581
14629
16463
17088
15111
11751
8170
5296
3671
2773
2213
1849
1696
1589
1462
1337
   579.00006   567.00006    -0.50000     1.00000     0.30000    25    30.0
LO MagPE 30.000KE/1  Ex=1486.599eV WF=4.000eV Ck=XL Det=MCD Ent=6x12mm Exit=4mm
3117
3103
3257
3359
3412
3587
3803
4081
4536
5064
5457
5864
5625
5012
4354
3852
3296
2996
2746
2539
2418
2330
2359
2316
2246
