Ag(111) limpa 3d e 3p
   371.00003   366.00003    -0.20000     1.00000     0.30000    26    30.0
LO MagPE 30.000KE/1  Ex=1486.599eV WF=4.000eV Ck=XL Det=MCD Ent=6x12mm Exit=4mm
5011
5152
5521
6053
6605
7580
9120
11380
14830
19341
25168
30835
35164
36494
32517
25586
18184
12060
8414
6383
4994
4039
3657
3287
3058
2969
   579.00006   567.00006    -0.50000     1.00000     0.30000    25    30.0
LO MagPE 30.000KE/1  Ex=1486.599eV WF=4.000eV Ck=XL Det=MCD Ent=6x12mm Exit=4mm
6616
6925
7051
7270
7351
7812
7926
8740
9628
10656
11900
12484
12685
11351
10066
8623
7735
7107
6484
6066
5980
5791
5615
5416
5518
