Ag(111) limpa 3d e 3p
   371.00003   366.00003    -0.20000     1.00000     0.30000    26    30.0
LO MagPE 30.000KE/1  Ex=1486.599eV WF=4.000eV Ck=XL Det=MCD Ent=6x12mm Exit=4mm
1904
2077
2372
2560
2822
3312
3970
5084
6821
9299
11996
14820
16220
16040
14221
10474
7375
4953
3291
2464
2010
1690
1428
1306
1240
1142
   579.00006   567.00006    -0.50000     1.00000     0.30000    25    30.0
LO MagPE 30.000KE/1  Ex=1486.599eV WF=4.000eV Ck=XL Det=MCD Ent=6x12mm Exit=4mm
2491
2596
2660
2682
2846
3033
3182
3620
4117
4583
5123
5700
5420
5108
4289
3616
3113
2805
2475
2313
2182
2055
2059
1980
1972
