Ag(111) limpa 3d e 3p
   371.00003   366.00003    -0.20000     1.00000     0.30000    26    30.0
LO MagPE 30.000KE/1  Ex=1486.599eV WF=4.000eV Ck=XL Det=MCD Ent=6x12mm Exit=4mm
2151
2242
2372
2643
3066
3500
4438
5585
7303
9962
12921
15742
17680
17692
15433
11639
8192
5312
3583
2686
2097
1806
1538
1345
1261
1257
   579.00006   567.00006    -0.50000     1.00000     0.30000    25    30.0
LO MagPE 30.000KE/1  Ex=1486.599eV WF=4.000eV Ck=XL Det=MCD Ent=6x12mm Exit=4mm
2608
2660
2867
2901
3047
3165
3403
3763
4295
4916
5570
5908
5784
5174
4243
3739
3217
2971
2657
2533
2370
2251
2191
2122
2011
