Ag(111) limpa 3d e 3p
   371.00003   366.00003    -0.20000     1.00000     0.30000    26    30.0
LO MagPE 30.000KE/1  Ex=1486.599eV WF=4.000eV Ck=XL Det=MCD Ent=6x12mm Exit=4mm
2374
2469
2672
2916
3330
3894
4729
6287
8251
11022
14539
17814
20393
20056
17303
13358
8993
6156
4091
3042
2415
1960
1656
1548
1408
1339
   579.00006   567.00006    -0.50000     1.00000     0.30000    25    30.0
LO MagPE 30.000KE/1  Ex=1486.599eV WF=4.000eV Ck=XL Det=MCD Ent=6x12mm Exit=4mm
2665
2685
2730
2774
3135
3132
3471
3833
4460
5071
5921
6341
6177
5664
4694
3938
3374
2844
2555
2381
2324
2112
2031
2056
2059
