Ag(111) limpa 3d e 3p
   371.00003   366.00003    -0.20000     1.00000     0.30000    26    30.0
LO MagPE 30.000KE/1  Ex=1486.599eV WF=4.000eV Ck=XL Det=MCD Ent=6x12mm Exit=4mm
5606
5851
6234
6852
7745
8909
10787
13416
17258
23164
30383
37458
42050
42592
37926
29719
20831
13788
9567
7043
5607
4736
4111
3739
3448
3272
   579.00006   567.00006    -0.50000     1.00000     0.30000    25    30.0
LO MagPE 30.000KE/1  Ex=1486.599eV WF=4.000eV Ck=XL Det=MCD Ent=6x12mm Exit=4mm
7485
7657
7852
7918
8330
8491
9108
10095
11158
12620
14162
15214
15062
14087
12153
10251
8859
8019
7287
6848
6514
6219
5976
5876
5824
