Ag(111) limpa 3d e 3p
   371.00003   366.00003    -0.20000     1.00000     0.30000    26    30.0
LO MagPE 30.000KE/1  Ex=1486.599eV WF=4.000eV Ck=XL Det=MCD Ent=6x12mm Exit=4mm
1973
2111
2268
2530
2936
3402
4126
5147
6941
9296
12142
14829
16751
16517
14499
11296
7761
5036
3492
2537
2013
1709
1448
1290
1157
1148
   579.00006   567.00006    -0.50000     1.00000     0.30000    25    30.0
LO MagPE 30.000KE/1  Ex=1486.599eV WF=4.000eV Ck=XL Det=MCD Ent=6x12mm Exit=4mm
2602
2591
2828
2918
2990
3101
3273
3794
4213
4830
5404
5720
5626
5199
4446
3716
3276
2857
2593
2471
2248
2383
2141
2060
2061
