Ag(111) limpa 3d e 3p
   371.00003   366.00003    -0.20000     1.00000     0.30000    26    30.0
LO MagPE 30.000KE/1  Ex=1486.599eV WF=4.000eV Ck=XL Det=MCD Ent=6x12mm Exit=4mm
5864
6081
6519
7041
8016
9048
10950
13696
17834
23935
31233
38862
44436
45384
40286
31196
21592
14401
10047
7295
5824
4890
4255
3992
3563
3439
   579.00006   567.00006    -0.50000     1.00000     0.30000    25    30.0
LO MagPE 30.000KE/1  Ex=1486.599eV WF=4.000eV Ck=XL Det=MCD Ent=6x12mm Exit=4mm
7148
7518
7825
7955
8136
8405
9089
9771
11118
12563
14190
15246
14735
13619
11720
10085
8708
7803
6945
6556
6186
5934
5842
5499
5483
