Ag(111) limpa 3d e 3p
   371.00003   366.00003    -0.20000     1.00000     0.30000    26    30.0
LO MagPE 30.000KE/1  Ex=1486.599eV WF=4.000eV Ck=XL Det=MCD Ent=6x12mm Exit=4mm
1681
1813
1940
2196
2451
2861
3497
4323
5648
7684
10097
12350
14030
14055
12362
9530
6651
4484
3009
2216
1677
1461
1262
1147
1079
1014
   579.00006   567.00006    -0.50000     1.00000     0.30000    25    30.0
LO MagPE 30.000KE/1  Ex=1486.599eV WF=4.000eV Ck=XL Det=MCD Ent=6x12mm Exit=4mm
2444
2454
2545
2575
2665
2898
3061
3288
3698
4279
4871
5097
4854
4594
3795
3445
2902
2553
2410
2257
2085
1999
1988
1976
1950
