Ag(111) limpa 3d e 3p
   371.00003   366.00003    -0.20000     1.00000     0.30000    26    30.0
LO MagPE 30.000KE/1  Ex=1486.599eV WF=4.000eV Ck=XL Det=MCD Ent=6x12mm Exit=4mm
1930
1960
2110
2347
2698
3105
3753
4932
6333
8562
11161
13327
15009
14977
13234
9938
6951
4683
3190
2455
1909
1500
1326
1229
1155
1135
   579.00006   567.00006    -0.50000     1.00000     0.30000    25    30.0
LO MagPE 30.000KE/1  Ex=1486.599eV WF=4.000eV Ck=XL Det=MCD Ent=6x12mm Exit=4mm
2570
2710
2753
2795
2995
3058
3048
3506
3969
4250
4916
5106
5079
4733
3968
3403
3077
2855
2547
2403
2192
2276
2172
2099
2031
