Ag(111) limpa 3d e 3p
   371.00003   366.00003    -0.20000     1.00000     0.30000    26    30.0
LO MagPE 30.000KE/1  Ex=1486.599eV WF=4.000eV Ck=XL Det=MCD Ent=6x12mm Exit=4mm
4198
4312
4504
4905
5534
6317
7491
9306
12298
16288
21020
26233
29832
30442
27302
21539
14819
9893
6653
5109
3988
3496
3026
2742
2567
2470
   579.00006   567.00006    -0.50000     1.00000     0.30000    25    30.0
LO MagPE 30.000KE/1  Ex=1486.599eV WF=4.000eV Ck=XL Det=MCD Ent=6x12mm Exit=4mm
5465
5465
5680
5798
6005
6164
6599
7253
8139
9113
10269
10823
10747
9624
8271
7097
6113
5505
5074
4715
4448
4280
4252
4070
4058
