Ag(111) limpa 3d e 3p
   371.00003   366.00003    -0.20000     1.00000     0.30000    26    30.0
LO MagPE 30.000KE/1  Ex=1486.599eV WF=4.000eV Ck=XL Det=MCD Ent=6x12mm Exit=4mm
1862
1918
1999
2176
2444
2803
3332
4104
5314
6838
9060
11228
12411
12384
11030
8464
5812
3895
2645
2107
1748
1535
1401
1276
1141
1132
   579.00006   567.00006    -0.50000     1.00000     0.30000    25    30.0
LO MagPE 30.000KE/1  Ex=1486.599eV WF=4.000eV Ck=XL Det=MCD Ent=6x12mm Exit=4mm
2648
2687
2763
2803
2970
3044
3194
3377
3671
4114
4374
4479
4518
4009
3523
3054
2703
2464
2320
2183
2184
1989
2019
1919
1962
