Ag(111) limpa 3d e 3p
   371.00003   366.00003    -0.20000     1.00000     0.30000    26    30.0
LO MagPE 30.000KE/1  Ex=1486.599eV WF=4.000eV Ck=XL Det=MCD Ent=6x12mm Exit=4mm
1543
1599
1780
1943
2210
2661
3183
3945
5339
7004
9125
11096
12382
12316
10810
8302
5886
3926
2617
1972
1565
1233
1138
1067
896
899
   579.00006   567.00006    -0.50000     1.00000     0.30000    25    30.0
LO MagPE 30.000KE/1  Ex=1486.599eV WF=4.000eV Ck=XL Det=MCD Ent=6x12mm Exit=4mm
2077
2127
2257
2308
2293
2463
2642
2857
3159
3574
4101
4243
4167
3873
3350
2854
2573
2384
2067
1887
1888
1808
1799
1802
1754
