Ag(111) limpa 3d e 3p
   371.00003   366.00003    -0.20000     1.00000     0.30000    26    30.0
LO MagPE 30.000KE/1  Ex=1486.599eV WF=4.000eV Ck=XL Det=MCD Ent=6x12mm Exit=4mm
4198
4496
4739
5124
5725
6481
7852
9714
12788
17035
22432
27601
31069
31664
27982
21699
14594
9457
6601
5070
4102
3431
3069
2837
2580
2542
   579.00006   567.00006    -0.50000     1.00000     0.30000    25    30.0
LO MagPE 30.000KE/1  Ex=1486.599eV WF=4.000eV Ck=XL Det=MCD Ent=6x12mm Exit=4mm
4894
5091
5177
5437
5490
5732
6175
6667
7550
8301
9306
9840
9608
8619
7445
6512
5562
5063
4674
4256
4063
3956
3852
3764
3696
