Ag(111) limpa 3d e 3p
   371.00003   366.00003    -0.20000     1.00000     0.30000    26    30.0
LO MagPE 30.000KE/1  Ex=1486.599eV WF=4.000eV Ck=XL Det=MCD Ent=6x12mm Exit=4mm
5055
5206
5482
6011
6817
7661
9309
11704
15086
20189
26307
32243
36437
36921
32650
25443
17866
11912
8294
6127
4963
4231
3759
3443
3078
3042
   579.00006   567.00006    -0.50000     1.00000     0.30000    25    30.0
LO MagPE 30.000KE/1  Ex=1486.599eV WF=4.000eV Ck=XL Det=MCD Ent=6x12mm Exit=4mm
6930
7032
7293
7495
7707
8125
8461
9157
10081
11385
12804
13490
13248
12259
10575
9031
8005
7218
6734
6280
6098
5881
5633
5458
5437
