Ag(111) limpa 3d e 3p
   371.00003   366.00003    -0.20000     1.00000     0.30000    26    30.0
LO MagPE 30.000KE/1  Ex=1486.599eV WF=4.000eV Ck=XL Det=MCD Ent=6x12mm Exit=4mm
3706
3852
4153
4327
4809
5506
6404
7953
10393
13328
17713
22170
25368
26211
23575
18283
13030
8618
5916
4476
3553
3106
2727
2553
2324
2256
   579.00006   567.00006    -0.50000     1.00000     0.30000    25    30.0
LO MagPE 30.000KE/1  Ex=1486.599eV WF=4.000eV Ck=XL Det=MCD Ent=6x12mm Exit=4mm
5018
5208
5370
5449
5641
5828
6014
6621
7418
8072
8789
8849
9029
8052
6938
6032
5288
4642
4362
4140
3977
3732
3709
3689
3588
