Ag(111) limpa 3d e 3p
   371.00003   366.00003    -0.20000     1.00000     0.30000    26    30.0
LO MagPE 30.000KE/1  Ex=1486.599eV WF=4.000eV Ck=XL Det=MCD Ent=6x12mm Exit=4mm
4602
4850
5226
5732
6392
7252
8549
10830
14120
18635
24168
30008
34140
34754
31268
23873
16755
11195
7754
5706
4714
3878
3458
3174
2957
2754
   579.00006   567.00006    -0.50000     1.00000     0.30000    25    30.0
LO MagPE 30.000KE/1  Ex=1486.599eV WF=4.000eV Ck=XL Det=MCD Ent=6x12mm Exit=4mm
6179
6016
6384
6595
6898
7086
7598
8207
9190
10367
11656
12494
12194
10922
9474
7988
6880
6108
5545
5368
5097
4842
4627
4583
4361
