Ag(111) limpa 3d e 3p
   371.00003   366.00003    -0.20000     1.00000     0.30000    26    30.0
LO MagPE 30.000KE/1  Ex=1486.599eV WF=4.000eV Ck=XL Det=MCD Ent=6x12mm Exit=4mm
1709
1821
1892
2135
2378
2852
3468
4429
5802
7825
9925
12089
13373
13306
11607
8985
6130
4163
2755
2053
1653
1386
1226
1084
1026
1042
   579.00006   567.00006    -0.50000     1.00000     0.30000    25    30.0
LO MagPE 30.000KE/1  Ex=1486.599eV WF=4.000eV Ck=XL Det=MCD Ent=6x12mm Exit=4mm
2427
2470
2574
2581
2748
2931
3116
3377
3828
4260
4885
4972
4988
4444
3894
3348
2881
2621
2449
2380
2227
2043
2039
2002
2009
