Ag(111) limpa 3d e 3p
   371.00003   366.00003    -0.20000     1.00000     0.30000    26    30.0
LO MagPE 30.000KE/1  Ex=1486.599eV WF=4.000eV Ck=XL Det=MCD Ent=6x12mm Exit=4mm
1763
1940
2129
2278
2554
3105
3719
4803
6376
8551
11138
13516
15136
14938
12900
9841
6795
4435
3100
2257
1787
1412
1308
1171
1032
1038
   579.00006   567.00006    -0.50000     1.00000     0.30000    25    30.0
LO MagPE 30.000KE/1  Ex=1486.599eV WF=4.000eV Ck=XL Det=MCD Ent=6x12mm Exit=4mm
2304
2311
2389
2535
2623
2779
3011
3361
3731
4266
4829
5183
5142
4478
3834
3430
2851
2457
2308
2166
2025
1905
1889
1827
1864
