Ag(111) limpa 3d e 3p
   371.00003   366.00003    -0.20000     1.00000     0.30000    26    30.0
LO MagPE 30.000KE/1  Ex=1486.599eV WF=4.000eV Ck=XL Det=MCD Ent=6x12mm Exit=4mm
2099
2132
2363
2626
2983
3423
4229
5507
7243
9773
12689
15232
16945
16554
14463
10909
7490
4958
3458
2546
1990
1660
1416
1267
1277
1118
   579.00006   567.00006    -0.50000     1.00000     0.30000    25    30.0
LO MagPE 30.000KE/1  Ex=1486.599eV WF=4.000eV Ck=XL Det=MCD Ent=6x12mm Exit=4mm
2641
2603
2793
2896
3037
3121
3395
3722
4175
4899
5571
5880
5703
5219
4307
3650
3274
2895
2555
2354
2255
2195
2087
2042
1938
