Ag(111) limpa 3d e 3p
   371.00003   366.00003    -0.20000     1.00000     0.30000    26    30.0
LO MagPE 30.000KE/1  Ex=1486.599eV WF=4.000eV Ck=XL Det=MCD Ent=6x12mm Exit=4mm
6602
7203
7508
8533
9613
10892
13646
17109
22583
30218
39085
48030
53617
53811
47397
36568
25211
16681
11366
8523
6869
5649
4995
4519
4271
3981
   579.00006   567.00006    -0.50000     1.00000     0.30000    25    30.0
LO MagPE 30.000KE/1  Ex=1486.599eV WF=4.000eV Ck=XL Det=MCD Ent=6x12mm Exit=4mm
8061
8417
8631
8896
9222
10096
10368
11529
13275
15120
17044
18763
18112
16453
13861
11985
9854
8819
8036
7454
6862
6794
6393
6233
6122
