Ag(111) limpa 3d e 3p
   371.00003   366.00003    -0.20000     1.00000     0.30000    26    30.0
LO MagPE 30.000KE/1  Ex=1486.599eV WF=4.000eV Ck=XL Det=MCD Ent=6x12mm Exit=4mm
1831
1961
2034
2286
2553
3102
3737
4771
6369
8424
10956
13583
14932
14835
13234
10073
7057
4601
3164
2259
1891
1543
1390
1198
1092
1120
   579.00006   567.00006    -0.50000     1.00000     0.30000    25    30.0
LO MagPE 30.000KE/1  Ex=1486.599eV WF=4.000eV Ck=XL Det=MCD Ent=6x12mm Exit=4mm
2426
2572
2651
2732
2947
2982
3085
3529
3887
4549
5202
5459
5372
4811
4310
3676
3124
2691
2519
2361
2182
2104
2031
2007
1921
