Ag(111) limpa 3d e 3p
   371.00003   366.00003    -0.20000     1.00000     0.30000    26    30.0
LO MagPE 30.000KE/1  Ex=1486.599eV WF=4.000eV Ck=XL Det=MCD Ent=6x12mm Exit=4mm
3818
4036
4226
4501
4950
5734
6764
8281
10574
14084
18602
22683
26359
26743
24334
19582
14006
9358
6382
4798
3874
3183
2936
2726
2531
2420
   579.00006   567.00006    -0.50000     1.00000     0.30000    25    30.0
LO MagPE 30.000KE/1  Ex=1486.599eV WF=4.000eV Ck=XL Det=MCD Ent=6x12mm Exit=4mm
5829
6053
6084
6267
6312
6681
7020
7587
8183
9228
10101
10848
10912
9951
8595
7396
6512
6040
5516
5378
5054
4838
4803
4683
4630
