Ag(111) limpa 3d e 3p
   371.00003   366.00003    -0.20000     1.00000     0.30000    26    30.0
LO MagPE 30.000KE/1  Ex=1486.599eV WF=4.000eV Ck=XL Det=MCD Ent=6x12mm Exit=4mm
1611
1667
1778
1975
2111
2355
2875
3551
4652
6132
7917
9461
10770
10426
8965
7144
4805
3256
2340
1825
1401
1285
1122
1014
1024
1034
   579.00006   567.00006    -0.50000     1.00000     0.30000    25    30.0
LO MagPE 30.000KE/1  Ex=1486.599eV WF=4.000eV Ck=XL Det=MCD Ent=6x12mm Exit=4mm
2309
2460
2628
2611
2658
2728
2864
3027
3380
3611
3779
3929
3587
3383
2916
2560
2365
2035
1941
1938
1744
1749
1710
1765
1681
