Ag(111) limpa 3d e 3p
   371.00003   366.00003    -0.20000     1.00000     0.30000    26    30.0
LO MagPE 30.000KE/1  Ex=1486.599eV WF=4.000eV Ck=XL Det=MCD Ent=6x12mm Exit=4mm
1609
1675
1714
1896
1972
2345
2715
3346
4439
5764
7428
9427
10520
10337
9093
6938
4748
3134
2334
1725
1463
1283
1127
1012
995
948
   579.00006   567.00006    -0.50000     1.00000     0.30000    25    30.0
LO MagPE 30.000KE/1  Ex=1486.599eV WF=4.000eV Ck=XL Det=MCD Ent=6x12mm Exit=4mm
2280
2398
2513
2475
2418
2548
2792
2999
3273
3566
3818
3908
3806
3445
2949
2544
2233
2073
1914
1806
1683
1703
1659
1657
1584
