Ag(111) limpa 3d e 3p
   371.00003   366.00003    -0.20000     1.00000     0.30000    26    30.0
LO MagPE 30.000KE/1  Ex=1486.599eV WF=4.000eV Ck=XL Det=MCD Ent=6x12mm Exit=4mm
2169
2295
2504
2660
2750
3248
4010
4742
6003
8088
10376
12964
14835
14993
13431
10532
7315
4774
3310
2633
2123
1821
1597
1417
1463
1374
   579.00006   567.00006    -0.50000     1.00000     0.30000    25    30.0
LO MagPE 30.000KE/1  Ex=1486.599eV WF=4.000eV Ck=XL Det=MCD Ent=6x12mm Exit=4mm
3321
3419
3504
3499
3606
3763
3891
4324
4769
4980
5308
5439
4928
4596
4013
3592
3024
2875
2629
2519
2473
2442
2373
2276
2232
