Ag(111) limpa 3d e 3p
   371.00003   366.00003    -0.20000     1.00000     0.30000    26    30.0
LO MagPE 30.000KE/1  Ex=1486.599eV WF=4.000eV Ck=XL Det=MCD Ent=6x12mm Exit=4mm
1968
2118
2387
2541
2875
3444
4084
5177
6815
9303
12074
15021
17001
16795
14726
11348
7952
5149
3483
2619
2063
1733
1482
1360
1209
1207
   579.00006   567.00006    -0.50000     1.00000     0.30000    25    30.0
LO MagPE 30.000KE/1  Ex=1486.599eV WF=4.000eV Ck=XL Det=MCD Ent=6x12mm Exit=4mm
2623
2756
2760
2871
3093
3100
3414
3747
4201
4947
5390
5965
5740
5234
4404
3833
3164
2895
2784
2447
2262
2251
2096
2092
2061
