Ag(111) limpa 3d e 3p
   371.00003   366.00003    -0.20000     1.00000     0.30000    26    30.0
LO MagPE 30.000KE/1  Ex=1486.599eV WF=4.000eV Ck=XL Det=MCD Ent=6x12mm Exit=4mm
2241
2478
2519
2951
3284
3856
4717
6194
8434
11218
14525
17582
19299
18517
16390
12378
8463
5498
3727
2807
2213
1965
1703
1358
1274
1228
   579.00006   567.00006    -0.50000     1.00000     0.30000    25    30.0
LO MagPE 30.000KE/1  Ex=1486.599eV WF=4.000eV Ck=XL Det=MCD Ent=6x12mm Exit=4mm
2859
2861
3054
3180
3287
3543
3828
4308
4739
5708
6506
6890
6743
5891
5148
4307
3604
3198
2858
2575
2462
2375
2271
2204
2080
