Ag(111) limpa 3d e 3p
   371.00003   366.00003    -0.20000     1.00000     0.30000    26    30.0
LO MagPE 30.000KE/1  Ex=1486.599eV WF=4.000eV Ck=XL Det=MCD Ent=6x12mm Exit=4mm
2034
2327
2382
2794
3101
3679
4552
5694
7519
10406
13524
16694
18887
18891
16179
12603
8597
5706
3757
2787
2153
1834
1588
1405
1350
1296
   579.00006   567.00006    -0.50000     1.00000     0.30000    25    30.0
LO MagPE 30.000KE/1  Ex=1486.599eV WF=4.000eV Ck=XL Det=MCD Ent=6x12mm Exit=4mm
2697
2682
2750
2914
3020
3359
3558
3876
4404
5034
5911
6454
6240
5601
4791
3998
3414
2938
2642
2462
2302
2194
2143
2017
2059
