Ag(111) limpa 3d e 3p
   371.00003   366.00003    -0.20000     1.00000     0.30000    26    30.0
LO MagPE 30.000KE/1  Ex=1486.599eV WF=4.000eV Ck=XL Det=MCD Ent=6x12mm Exit=4mm
5349
5580
5969
6527
7279
8442
10061
12696
16621
22125
28374
34724
39561
39920
35420
27899
19301
12864
8871
6689
5272
4574
4028
3590
3373
3252
   579.00006   567.00006    -0.50000     1.00000     0.30000    25    30.0
LO MagPE 30.000KE/1  Ex=1486.599eV WF=4.000eV Ck=XL Det=MCD Ent=6x12mm Exit=4mm
7148
7272
7374
7402
7834
8152
8626
9582
10569
12153
13736
14274
14052
13015
10964
9534
8332
7404
6705
6408
6048
5809
5701
5572
5645
