Ag(111) limpa 3d e 3p
   371.00003   366.00003    -0.20000     1.00000     0.30000    26    30.0
LO MagPE 30.000KE/1  Ex=1486.599eV WF=4.000eV Ck=XL Det=MCD Ent=6x12mm Exit=4mm
2205
2312
2382
2710
3050
3705
4470
5616
7440
9870
13301
16077
18212
18212
15915
12041
8412
5574
3791
2845
2251
1829
1698
1429
1366
1291
   579.00006   567.00006    -0.50000     1.00000     0.30000    25    30.0
LO MagPE 30.000KE/1  Ex=1486.599eV WF=4.000eV Ck=XL Det=MCD Ent=6x12mm Exit=4mm
2620
2636
2744
2818
2901
3070
3282
3685
4061
4701
5470
5978
5673
5298
4440
3700
3237
2783
2621
2461
2289
2230
2139
1947
1974
