Ag(111) limpa 3d e 3p
   371.00003   366.00003    -0.20000     1.00000     0.30000    26    30.0
LO MagPE 30.000KE/1  Ex=1486.599eV WF=4.000eV Ck=XL Det=MCD Ent=6x12mm Exit=4mm
5043
5329
5858
6355
7068
8191
9604
12116
15825
20947
27245
33725
38491
38497
34570
26810
18945
12502
8853
6283
5265
4391
3897
3447
3239
3246
   579.00006   567.00006    -0.50000     1.00000     0.30000    25    30.0
LO MagPE 30.000KE/1  Ex=1486.599eV WF=4.000eV Ck=XL Det=MCD Ent=6x12mm Exit=4mm
7020
7339
7384
7447
7692
8073
8496
9132
9924
11201
12565
13251
13027
11888
10511
9118
8137
7351
6964
6504
6232
6119
5963
5946
5828
