Ag(111) limpa 3d e 3p
   371.00003   366.00003    -0.20000     1.00000     0.30000    26    30.0
LO MagPE 30.000KE/1  Ex=1486.599eV WF=4.000eV Ck=XL Det=MCD Ent=6x12mm Exit=4mm
1630
1704
1793
1984
2226
2672
3286
4287
5394
7221
9332
11527
12592
12526
10854
8479
5834
3879
2724
2008
1593
1370
1191
1128
912
1003
   579.00006   567.00006    -0.50000     1.00000     0.30000    25    30.0
LO MagPE 30.000KE/1  Ex=1486.599eV WF=4.000eV Ck=XL Det=MCD Ent=6x12mm Exit=4mm
2404
2493
2529
2606
2704
2825
2914
3227
3501
3991
4507
4841
4840
4408
3824
3245
2832
2577
2371
2284
2150
2075
2003
2016
1885
