Ag(111) limpa 3d e 3p
   371.00003   366.00003    -0.20000     1.00000     0.30000    26    30.0
LO MagPE 30.000KE/1  Ex=1486.599eV WF=4.000eV Ck=XL Det=MCD Ent=6x12mm Exit=4mm
4056
4155
4408
4718
5262
5900
6972
8756
11393
14956
19579
23887
27341
27580
25043
19882
13839
9248
6341
4760
4014
3298
3003
2731
2454
2333
   579.00006   567.00006    -0.50000     1.00000     0.30000    25    30.0
LO MagPE 30.000KE/1  Ex=1486.599eV WF=4.000eV Ck=XL Det=MCD Ent=6x12mm Exit=4mm
5368
5726
5796
5907
6030
6216
6584
7174
8011
9086
9962
10410
10477
9431
8112
6927
6054
5547
5124
4742
4564
4394
4364
4250
4178
