Ag(111) limpa 3d e 3p
   371.00003   366.00003    -0.20000     1.00000     0.30000    26    30.0
LO MagPE 30.000KE/1  Ex=1486.599eV WF=4.000eV Ck=XL Det=MCD Ent=6x12mm Exit=4mm
2117
2204
2381
2612
3018
3476
4309
5493
7218
9685
12833
15616
17680
17786
15630
11912
8162
5327
3686
2704
2092
1777
1600
1365
1254
1146
   579.00006   567.00006    -0.50000     1.00000     0.30000    25    30.0
LO MagPE 30.000KE/1  Ex=1486.599eV WF=4.000eV Ck=XL Det=MCD Ent=6x12mm Exit=4mm
2516
2568
2724
2791
2937
3054
3135
3619
3954
4607
5239
5538
5495
4969
4300
3470
3054
2687
2469
2227
2238
2131
2084
2022
1986
