Ag(111) limpa 3d e 3p
   371.00003   366.00003    -0.20000     1.00000     0.30000    26    30.0
LO MagPE 30.000KE/1  Ex=1486.599eV WF=4.000eV Ck=XL Det=MCD Ent=6x12mm Exit=4mm
3344
3392
3616
3948
4222
4714
5506
6802
8625
11246
14660
18428
20846
21779
19717
15782
11179
7398
5292
3990
3252
2754
2426
2264
2163
2054
   579.00006   567.00006    -0.50000     1.00000     0.30000    25    30.0
LO MagPE 30.000KE/1  Ex=1486.599eV WF=4.000eV Ck=XL Det=MCD Ent=6x12mm Exit=4mm
4912
5168
5309
5402
5487
5730
5740
6283
7148
7627
8101
8422
8070
7497
6725
5788
5203
4721
4584
4103
4120
3956
3941
3815
3758
