Ag(111) limpa 3d e 3p
   371.00003   366.00003    -0.20000     1.00000     0.30000    26    30.0
LO MagPE 30.000KE/1  Ex=1486.599eV WF=4.000eV Ck=XL Det=MCD Ent=6x12mm Exit=4mm
6058
6362
6556
7422
8160
9501
11468
14564
19276
25260
33238
40207
45415
45683
40217
31166
21557
14424
9763
7439
5832
4989
4311
3977
3649
3557
   579.00006   567.00006    -0.50000     1.00000     0.30000    25    30.0
LO MagPE 30.000KE/1  Ex=1486.599eV WF=4.000eV Ck=XL Det=MCD Ent=6x12mm Exit=4mm
7436
7654
7967
8217
8632
9069
9455
10186
11575
13063
14803
15602
15382
14120
11977
10299
9064
8029
7478
6945
6608
6304
6101
6127
5976
