Ag(111) limpa 3d e 3p
   371.00003   366.00003    -0.20000     1.00000     0.30000    26    30.0
LO MagPE 30.000KE/1  Ex=1486.599eV WF=4.000eV Ck=XL Det=MCD Ent=6x12mm Exit=4mm
3695
3906
4130
4483
4876
5680
6670
8140
10597
13957
18165
22356
25018
25905
23507
18287
13074
8505
6072
4507
3620
3079
2779
2516
2365
2315
   579.00006   567.00006    -0.50000     1.00000     0.30000    25    30.0
LO MagPE 30.000KE/1  Ex=1486.599eV WF=4.000eV Ck=XL Det=MCD Ent=6x12mm Exit=4mm
5435
5499
5750
5705
5917
6035
6389
6878
7494
8432
9028
9569
9399
8630
7811
6683
5865
5352
4888
4712
4510
4491
4360
4244
4084
