Ag(111) limpa 3d e 3p
   371.00003   366.00003    -0.20000     1.00000     0.30000    26    30.0
LO MagPE 30.000KE/1  Ex=1486.599eV WF=4.000eV Ck=XL Det=MCD Ent=6x12mm Exit=4mm
2074
2157
2525
2738
3056
3521
4417
5615
7656
10092
13148
15943
17612
16994
14660
11366
7625
4955
3471
2553
2115
1665
1459
1331
1208
1187
   579.00006   567.00006    -0.50000     1.00000     0.30000    25    30.0
LO MagPE 30.000KE/1  Ex=1486.599eV WF=4.000eV Ck=XL Det=MCD Ent=6x12mm Exit=4mm
2714
2828
2856
2991
3174
3259
3578
3946
4623
5252
6087
6309
6379
5722
4812
4108
3433
2979
2653
2617
2385
2296
2236
2165
2097
