Ag(111) limpa 3d e 3p
   371.00003   366.00003    -0.20000     1.00000     0.30000    26    30.0
LO MagPE 30.000KE/1  Ex=1486.599eV WF=4.000eV Ck=XL Det=MCD Ent=6x12mm Exit=4mm
5431
5618
6048
6543
7389
8395
9865
12586
16170
21651
28370
35491
41042
42610
38290
30274
21110
14129
9683
7056
5684
4700
4117
3825
3339
3272
   579.00006   567.00006    -0.50000     1.00000     0.30000    25    30.0
LO MagPE 30.000KE/1  Ex=1486.599eV WF=4.000eV Ck=XL Det=MCD Ent=6x12mm Exit=4mm
6812
6714
6942
7182
7470
7844
8373
9260
10113
11568
13120
13839
13606
12513
10676
9127
7981
7047
6323
6097
5633
5486
5357
5242
5167
