Ag(111) limpa 3d e 3p
   371.00003   366.00003    -0.20000     1.00000     0.30000    26    30.0
LO MagPE 30.000KE/1  Ex=1486.599eV WF=4.000eV Ck=XL Det=MCD Ent=6x12mm Exit=4mm
4397
4588
4963
5357
5765
6608
7842
10019
12453
16730
21443
26821
30863
31339
28872
22603
15915
10668
7323
5569
4472
3744
3449
3107
2848
2677
   579.00006   567.00006    -0.50000     1.00000     0.30000    25    30.0
LO MagPE 30.000KE/1  Ex=1486.599eV WF=4.000eV Ck=XL Det=MCD Ent=6x12mm Exit=4mm
6235
6356
6392
6710
6960
7091
7568
8133
9138
9932
10907
11968
11803
10647
9418
8153
7351
6548
6053
5742
5514
5335
5324
5092
5118
