Ag(111) limpa 3d e 3p
   371.00003   366.00003    -0.20000     1.00000     0.30000    26    30.0
LO MagPE 30.000KE/1  Ex=1486.599eV WF=4.000eV Ck=XL Det=MCD Ent=6x12mm Exit=4mm
1557
1683
1799
1961
2258
2620
3121
3977
5303
7050
9183
11367
12745
12609
11000
8403
5823
3755
2663
2019
1536
1310
1162
1028
975
935
   579.00006   567.00006    -0.50000     1.00000     0.30000    25    30.0
LO MagPE 30.000KE/1  Ex=1486.599eV WF=4.000eV Ck=XL Det=MCD Ent=6x12mm Exit=4mm
2028
2134
2256
2246
2266
2454
2535
2819
3169
3545
4046
4369
4224
3886
3367
2792
2472
2223
2161
1992
1829
1784
1709
1753
1670
