Ag(111) limpa 3d e 3p
   371.00003   366.00003    -0.20000     1.00000     0.30000    26    30.0
LO MagPE 30.000KE/1  Ex=1486.599eV WF=4.000eV Ck=XL Det=MCD Ent=6x12mm Exit=4mm
6124
6613
6996
7710
8641
9758
11778
14709
19300
26022
33903
42460
49004
50120
46220
35677
24574
16316
11184
8157
6322
5396
4627
4129
3923
3672
   579.00006   567.00006    -0.50000     1.00000     0.30000    25    30.0
LO MagPE 30.000KE/1  Ex=1486.599eV WF=4.000eV Ck=XL Det=MCD Ent=6x12mm Exit=4mm
7043
7222
7574
7740
8302
8628
9331
10420
11745
13533
15257
16799
16361
14828
12646
10233
8910
7631
6891
6344
5915
5596
5269
5238
5062
