Ag(111) limpa 3d e 3p
   371.00003   366.00003    -0.20000     1.00000     0.30000    26    30.0
LO MagPE 30.000KE/1  Ex=1486.599eV WF=4.000eV Ck=XL Det=MCD Ent=6x12mm Exit=4mm
1757
1877
1959
2224
2512
2998
3487
4725
6068
8247
10826
12787
14315
14130
12389
9406
6513
4350
2920
2182
1737
1472
1351
1179
1099
1062
   579.00006   567.00006    -0.50000     1.00000     0.30000    25    30.0
LO MagPE 30.000KE/1  Ex=1486.599eV WF=4.000eV Ck=XL Det=MCD Ent=6x12mm Exit=4mm
2419
2523
2650
2691
2840
2838
3143
3314
3769
4252
4773
5018
4893
4443
3953
3368
2947
2714
2415
2317
2184
2130
1957
1954
2017
