Ag(111) limpa 3d e 3p
   371.00003   366.00003    -0.20000     1.00000     0.30000    26    30.0
LO MagPE 30.000KE/1  Ex=1486.599eV WF=4.000eV Ck=XL Det=MCD Ent=6x12mm Exit=4mm
5236
5425
5816
6264
7246
8191
9728
12479
16174
21542
28005
33818
38073
38845
33930
26691
18748
12373
8468
6484
5053
4496
3977
3469
3305
3193
   579.00006   567.00006    -0.50000     1.00000     0.30000    25    30.0
LO MagPE 30.000KE/1  Ex=1486.599eV WF=4.000eV Ck=XL Det=MCD Ent=6x12mm Exit=4mm
7081
7360
7386
7789
7684
8118
8733
9359
10352
11724
13096
13921
13695
12591
10804
9482
8441
7605
6753
6415
6128
6008
5983
5764
5664
