Ag(111) limpa 3d e 3p
   371.00003   366.00003    -0.20000     1.00000     0.30000    26    30.0
LO MagPE 30.000KE/1  Ex=1486.599eV WF=4.000eV Ck=XL Det=MCD Ent=6x12mm Exit=4mm
5865
6232
6850
7252
8151
9534
11275
14649
18841
24913
32990
40769
46224
47152
42077
33105
23281
15215
10614
7821
6230
5072
4572
3979
3762
3645
   579.00006   567.00006    -0.50000     1.00000     0.30000    25    30.0
LO MagPE 30.000KE/1  Ex=1486.599eV WF=4.000eV Ck=XL Det=MCD Ent=6x12mm Exit=4mm
7585
7657
7924
8336
8576
8924
9592
10445
11823
13769
15206
16500
16335
14889
12591
10505
9375
8362
7574
6895
6694
6330
6183
5982
5898
