Ag(111) limpa 3d e 3p
   371.00003   366.00003    -0.20000     1.00000     0.30000    26    30.0
LO MagPE 30.000KE/1  Ex=1486.599eV WF=4.000eV Ck=XL Det=MCD Ent=6x12mm Exit=4mm
6006
6216
6696
7243
8273
9536
11363
14312
18808
25040
32724
40673
46327
47220
42512
33252
23085
15070
10426
7702
6114
5219
4483
4040
3667
3608
   579.00006   567.00006    -0.50000     1.00000     0.30000    25    30.0
LO MagPE 30.000KE/1  Ex=1486.599eV WF=4.000eV Ck=XL Det=MCD Ent=6x12mm Exit=4mm
7598
7760
7854
8096
8431
8889
9284
10081
11512
12838
14639
15643
15561
13995
12306
10474
8966
7964
7459
6847
6620
6376
6247
6029
5982
