Ag(111) limpa 3d e 3p
   371.00003   366.00003    -0.20000     1.00000     0.30000    26    30.0
LO MagPE 30.000KE/1  Ex=1486.599eV WF=4.000eV Ck=XL Det=MCD Ent=6x12mm Exit=4mm
1525
1612
1728
2003
2212
2561
3004
4044
5139
7015
9129
10940
12284
12215
10729
8527
5874
3775
2584
1858
1552
1331
1182
984
917
863
   579.00006   567.00006    -0.50000     1.00000     0.30000    25    30.0
LO MagPE 30.000KE/1  Ex=1486.599eV WF=4.000eV Ck=XL Det=MCD Ent=6x12mm Exit=4mm
2053
2159
2140
2318
2389
2407
2681
2798
3202
3636
4134
4350
4331
3860
3362
2806
2598
2239
2077
1929
1909
1805
1783
1760
1712
