Ag(111) limpa 3d e 3p
   371.00003   366.00003    -0.20000     1.00000     0.30000    26    30.0
LO MagPE 30.000KE/1  Ex=1486.599eV WF=4.000eV Ck=XL Det=MCD Ent=6x12mm Exit=4mm
5476
5730
6150
6530
7412
8857
10309
13296
17408
23136
29940
36641
41059
41457
36851
28710
19732
13307
9124
6729
5506
4709
4010
3648
3530
3393
   579.00006   567.00006    -0.50000     1.00000     0.30000    25    30.0
LO MagPE 30.000KE/1  Ex=1486.599eV WF=4.000eV Ck=XL Det=MCD Ent=6x12mm Exit=4mm
7297
7636
7726
8004
8190
8630
9161
9947
10981
12431
13798
15141
14686
13604
11723
9885
8629
7887
7288
6776
6531
6188
6066
5833
5819
