Ag(111) limpa 3d e 3p
   371.00003   366.00003    -0.20000     1.00000     0.30000    26    30.0
LO MagPE 30.000KE/1  Ex=1486.599eV WF=4.000eV Ck=XL Det=MCD Ent=6x12mm Exit=4mm
1798
1769
1996
2183
2370
2877
3568
4392
5855
7953
10192
12511
13810
14043
12257
9235
6502
4284
2851
2279
1764
1397
1253
1203
1052
1004
   579.00006   567.00006    -0.50000     1.00000     0.30000    25    30.0
LO MagPE 30.000KE/1  Ex=1486.599eV WF=4.000eV Ck=XL Det=MCD Ent=6x12mm Exit=4mm
2462
2414
2500
2651
2632
2801
2996
3269
3665
4182
4695
5089
4988
4412
3858
3360
2910
2530
2407
2266
2156
2181
1998
1965
1970
