Ag(111) limpa 3d e 3p
   371.00003   366.00003    -0.20000     1.00000     0.30000    26    30.0
LO MagPE 30.000KE/1  Ex=1486.599eV WF=4.000eV Ck=XL Det=MCD Ent=6x12mm Exit=4mm
5740
5990
6265
6962
7684
8709
10415
12995
16897
22299
29535
37202
42784
44228
39549
31370
21962
14609
10035
7169
5797
4868
4084
3750
3430
3403
   579.00006   567.00006    -0.50000     1.00000     0.30000    25    30.0
LO MagPE 30.000KE/1  Ex=1486.599eV WF=4.000eV Ck=XL Det=MCD Ent=6x12mm Exit=4mm
6879
6952
7254
7461
7767
8143
8702
9364
10542
11841
13323
14600
14369
12892
11027
9437
8305
7164
6606
6212
5886
5552
5321
5247
5213
