Ag(111) limpa 3d e 3p
   371.00003   366.00003    -0.20000     1.00000     0.30000    26    30.0
LO MagPE 30.000KE/1  Ex=1486.599eV WF=4.000eV Ck=XL Det=MCD Ent=6x12mm Exit=4mm
3234
3340
3556
3807
4243
4858
5654
6882
8608
11467
15189
19065
21642
22207
20307
15922
11281
7650
5159
3951
3201
2711
2482
2149
2134
1963
   579.00006   567.00006    -0.50000     1.00000     0.30000    25    30.0
LO MagPE 30.000KE/1  Ex=1486.599eV WF=4.000eV Ck=XL Det=MCD Ent=6x12mm Exit=4mm
4821
4867
4858
5051
5244
5400
5654
5884
6518
7259
7587
7986
7952
7347
6314
5620
4917
4528
4181
4014
3919
3682
3638
3566
3630
