Ag(111) limpa 3d e 3p
   371.00003   366.00003    -0.20000     1.00000     0.30000    26    30.0
LO MagPE 30.000KE/1  Ex=1486.599eV WF=4.000eV Ck=XL Det=MCD Ent=6x12mm Exit=4mm
3245
3414
3594
3885
4083
4719
5537
6833
8864
11380
14785
18504
20886
22130
19821
15847
11200
7479
5180
3963
3187
2775
2459
2214
2094
2013
   579.00006   567.00006    -0.50000     1.00000     0.30000    25    30.0
LO MagPE 30.000KE/1  Ex=1486.599eV WF=4.000eV Ck=XL Det=MCD Ent=6x12mm Exit=4mm
4864
5021
5280
5414
5422
5738
6110
6417
7039
7828
8391
8645
8345
7555
6628
5785
5071
4726
4289
3921
3989
3902
3666
3704
3673
