Ag(111) limpa 3d e 3p
   371.00003   366.00003    -0.20000     1.00000     0.30000    26    30.0
LO MagPE 30.000KE/1  Ex=1486.599eV WF=4.000eV Ck=XL Det=MCD Ent=6x12mm Exit=4mm
3537
3817
4029
4202
4632
5275
6264
7588
9928
13105
17074
21143
24487
25111
22533
17751
12709
8421
5986
4361
3507
3018
2700
2394
2308
2204
   579.00006   567.00006    -0.50000     1.00000     0.30000    25    30.0
LO MagPE 30.000KE/1  Ex=1486.599eV WF=4.000eV Ck=XL Det=MCD Ent=6x12mm Exit=4mm
5007
5219
5355
5291
5484
5713
5789
6323
7260
7705
8448
8929
8741
8080
7194
6203
5563
5038
4745
4424
4190
4215
3991
3866
4023
