Ag(111) limpa 3d e 3p
   371.00003   366.00003    -0.20000     1.00000     0.30000    26    30.0
LO MagPE 30.000KE/1  Ex=1486.599eV WF=4.000eV Ck=XL Det=MCD Ent=6x12mm Exit=4mm
1650
1628
1708
1864
2015
2273
2680
3362
4117
5473
7163
8556
9731
9840
8673
6741
4628
3112
2292
1729
1472
1251
1092
1067
1037
979
   579.00006   567.00006    -0.50000     1.00000     0.30000    25    30.0
LO MagPE 30.000KE/1  Ex=1486.599eV WF=4.000eV Ck=XL Det=MCD Ent=6x12mm Exit=4mm
2454
2509
2622
2718
2731
2668
2768
3034
3366
3731
3753
4043
3772
3529
3106
2895
2492
2279
2270
2104
1979
1977
1884
1896
1910
