Ag(111) limpa 3d e 3p
   371.00003   366.00003    -0.20000     1.00000     0.30000    26    30.0
LO MagPE 30.000KE/1  Ex=1486.599eV WF=4.000eV Ck=XL Det=MCD Ent=6x12mm Exit=4mm
6100
6465
7265
7781
8573
10210
12177
15343
20066
26334
34953
43338
48730
49643
43406
34370
23982
15848
10820
8009
6247
5387
4647
4178
3907
3739
   579.00006   567.00006    -0.50000     1.00000     0.30000    25    30.0
LO MagPE 30.000KE/1  Ex=1486.599eV WF=4.000eV Ck=XL Det=MCD Ent=6x12mm Exit=4mm
7857
7798
8274
8437
8799
9420
9787
10576
11840
13368
15194
16274
16136
14641
12488
10736
9421
8214
7694
6964
6798
6626
6467
6321
6181
