Ag(111) limpa 3d e 3p
   371.00003   366.00003    -0.20000     1.00000     0.30000    26    30.0
LO MagPE 30.000KE/1  Ex=1486.599eV WF=4.000eV Ck=XL Det=MCD Ent=6x12mm Exit=4mm
2016
2243
2314
2604
2999
3511
4158
5391
7197
9448
12326
15162
17279
17211
15236
11704
8094
5298
3742
2597
2121
1721
1565
1336
1289
1233
   579.00006   567.00006    -0.50000     1.00000     0.30000    25    30.0
LO MagPE 30.000KE/1  Ex=1486.599eV WF=4.000eV Ck=XL Det=MCD Ent=6x12mm Exit=4mm
2635
2742
2754
2829
2860
3138
3269
3664
4171
4724
5423
5765
5715
5099
4368
3813
3231
2861
2562
2327
2368
2315
2092
2024
2016
