Ag(111) limpa 3d e 3p
   371.00003   366.00003    -0.20000     1.00000     0.30000    26    30.0
LO MagPE 30.000KE/1  Ex=1486.599eV WF=4.000eV Ck=XL Det=MCD Ent=6x12mm Exit=4mm
5744
6102
6586
7039
7882
9245
11131
13903
18140
24722
31083
38723
43768
44048
39437
30417
21148
14013
9732
7259
5784
4878
4216
3838
3529
3456
   579.00006   567.00006    -0.50000     1.00000     0.30000    25    30.0
LO MagPE 30.000KE/1  Ex=1486.599eV WF=4.000eV Ck=XL Det=MCD Ent=6x12mm Exit=4mm
7217
7595
7655
7841
8324
8757
9283
10252
11352
12793
14478
15402
15199
13991
11942
10078
8837
7986
7200
6755
6492
6105
5992
5821
5951
