Ag(111) limpa 3d e 3p
   371.00003   366.00003    -0.20000     1.00000     0.30000    26    30.0
LO MagPE 30.000KE/1  Ex=1486.599eV WF=4.000eV Ck=XL Det=MCD Ent=6x12mm Exit=4mm
6316
6781
7219
7803
9051
10097
12665
15924
20622
28057
36356
45193
50525
50714
44944
35241
24370
16054
11127
8174
6472
5410
4671
4241
3964
3792
   579.00006   567.00006    -0.50000     1.00000     0.30000    25    30.0
LO MagPE 30.000KE/1  Ex=1486.599eV WF=4.000eV Ck=XL Det=MCD Ent=6x12mm Exit=4mm
7769
8019
7988
8535
9027
9251
9920
10906
12287
14056
16001
16879
16867
15092
13092
11025
9472
8386
7819
7105
6678
6431
6176
6184
6125
