Ag(111) limpa 3d e 3p
   371.00003   366.00003    -0.20000     1.00000     0.30000    26    30.0
LO MagPE 30.000KE/1  Ex=1486.599eV WF=4.000eV Ck=XL Det=MCD Ent=6x12mm Exit=4mm
5120
5538
5841
6281
7057
8014
9718
12341
15940
21214
27580
33797
38556
39745
35032
27412
19356
12840
8848
6632
5248
4476
4104
3519
3330
3141
   579.00006   567.00006    -0.50000     1.00000     0.30000    25    30.0
LO MagPE 30.000KE/1  Ex=1486.599eV WF=4.000eV Ck=XL Det=MCD Ent=6x12mm Exit=4mm
7095
7395
7354
7775
7882
8265
8717
9457
10421
11685
13129
14066
13806
12751
10992
9396
8163
7606
6823
6584
6170
5918
5892
5678
5606
