Ag(111) limpa 3d e 3p
   371.00003   366.00003    -0.20000     1.00000     0.30000    26    30.0
LO MagPE 30.000KE/1  Ex=1486.599eV WF=4.000eV Ck=XL Det=MCD Ent=6x12mm Exit=4mm
1583
1590
1760
1778
2074
2253
2720
3376
4291
5774
7372
9032
9860
10144
8895
6717
4555
3137
2224
1757
1458
1332
1151
1025
960
970
   579.00006   567.00006    -0.50000     1.00000     0.30000    25    30.0
LO MagPE 30.000KE/1  Ex=1486.599eV WF=4.000eV Ck=XL Det=MCD Ent=6x12mm Exit=4mm
2429
2570
2738
2674
2730
2782
2922
3113
3291
3656
3874
3796
3709
3357
2998
2612
2344
2019
2021
1804
1906
1763
1761
1752
1721
