Ag(111) limpa 3d e 3p
   371.00003   366.00003    -0.20000     1.00000     0.30000    26    30.0
LO MagPE 30.000KE/1  Ex=1486.599eV WF=4.000eV Ck=XL Det=MCD Ent=6x12mm Exit=4mm
4406
4514
4724
5243
5877
6547
7951
9915
12781
16556
21694
26859
30873
31215
27883
22022
15384
9971
7001
5451
4177
3567
3180
2916
2743
2596
   579.00006   567.00006    -0.50000     1.00000     0.30000    25    30.0
LO MagPE 30.000KE/1  Ex=1486.599eV WF=4.000eV Ck=XL Det=MCD Ent=6x12mm Exit=4mm
5927
6198
6199
6338
6553
6952
7177
7644
8904
9577
10794
11426
11112
10423
9006
7835
6878
6294
5748
5508
5220
5049
4882
4815
4839
