Ag(111) limpa 3d e 3p
   371.00003   366.00003    -0.20000     1.00000     0.30000    26    30.0
LO MagPE 30.000KE/1  Ex=1486.599eV WF=4.000eV Ck=XL Det=MCD Ent=6x12mm Exit=4mm
3816
3940
4083
4386
4927
5652
6580
8192
10672
13820
18298
22716
25717
26545
23882
18717
13228
8673
5996
4551
3720
3163
2802
2451
2337
2276
   579.00006   567.00006    -0.50000     1.00000     0.30000    25    30.0
LO MagPE 30.000KE/1  Ex=1486.599eV WF=4.000eV Ck=XL Det=MCD Ent=6x12mm Exit=4mm
5117
5306
5466
5617
5626
5836
6206
6542
7318
8065
8789
9338
9414
8565
7683
6544
5678
5219
4922
4547
4279
4450
4103
4109
3997
