Ag(111) limpa 3d e 3p
   371.00003   366.00003    -0.20000     1.00000     0.30000    26    30.0
LO MagPE 30.000KE/1  Ex=1486.599eV WF=4.000eV Ck=XL Det=MCD Ent=6x12mm Exit=4mm
5363
5776
6229
6889
7679
8659
10468
13201
16846
22648
29444
36460
41478
42554
38215
30080
21024
13814
9555
7081
5688
4776
4092
3553
3579
3226
   579.00006   567.00006    -0.50000     1.00000     0.30000    25    30.0
LO MagPE 30.000KE/1  Ex=1486.599eV WF=4.000eV Ck=XL Det=MCD Ent=6x12mm Exit=4mm
7348
7684
7871
7804
8137
8680
8965
9784
10772
12304
13967
14860
14718
13387
11638
10094
8814
7810
7249
6811
6629
6214
6012
5967
5970
