Ag(111) limpa 3d e 3p
   371.00003   366.00003    -0.20000     1.00000     0.30000    26    30.0
LO MagPE 30.000KE/1  Ex=1486.599eV WF=4.000eV Ck=XL Det=MCD Ent=6x12mm Exit=4mm
5469
5726
6124
6563
7476
8801
10243
12497
16755
22104
29233
36198
41508
42181
38151
29753
20927
13941
9474
6910
5569
4628
4067
3750
3378
3389
   579.00006   567.00006    -0.50000     1.00000     0.30000    25    30.0
LO MagPE 30.000KE/1  Ex=1486.599eV WF=4.000eV Ck=XL Det=MCD Ent=6x12mm Exit=4mm
6592
6825
7134
7203
7400
7754
8290
9190
10021
11472
12847
13725
13664
12564
10721
9235
7945
6981
6496
5943
5647
5502
5255
5148
4995
