Ag(111) limpa 3d e 3p
   371.00003   366.00003    -0.20000     1.00000     0.30000    26    30.0
LO MagPE 30.000KE/1  Ex=1486.599eV WF=4.000eV Ck=XL Det=MCD Ent=6x12mm Exit=4mm
1668
1712
1810
1975
2367
2657
3374
4228
5580
7357
9475
11513
13077
12582
11007
8433
5802
3887
2670
2030
1595
1402
1181
1008
953
913
   579.00006   567.00006    -0.50000     1.00000     0.30000    25    30.0
LO MagPE 30.000KE/1  Ex=1486.599eV WF=4.000eV Ck=XL Det=MCD Ent=6x12mm Exit=4mm
2322
2457
2498
2533
2682
2826
2981
3126
3697
4130
4669
5047
4921
4305
3745
3285
2683
2517
2276
2185
1986
2068
2002
1970
1868
