Ag(111) limpa 3d e 3p
   371.00003   366.00003    -0.20000     1.00000     0.30000    26    30.0
LO MagPE 30.000KE/1  Ex=1486.599eV WF=4.000eV Ck=XL Det=MCD Ent=6x12mm Exit=4mm
2212
2263
2347
2575
2914
3314
3932
4796
6386
8340
11020
13748
15336
15631
13896
10610
7471
5001
3514
2596
2188
1842
1646
1451
1327
1321
   579.00006   567.00006    -0.50000     1.00000     0.30000    25    30.0
LO MagPE 30.000KE/1  Ex=1486.599eV WF=4.000eV Ck=XL Det=MCD Ent=6x12mm Exit=4mm
3059
3081
3189
3352
3405
3499
3788
3876
4274
4994
5225
5427
5408
4849
4190
3472
3155
2902
2733
2512
2393
2432
2299
2233
2246
