Ag(111) limpa 3d e 3p
   371.00003   366.00003    -0.20000     1.00000     0.30000    26    30.0
LO MagPE 30.000KE/1  Ex=1486.599eV WF=4.000eV Ck=XL Det=MCD Ent=6x12mm Exit=4mm
5441
5675
6076
6636
7448
8599
10242
12913
16978
22342
29362
36289
41470
42206
37812
29857
20636
13685
9372
6868
5494
4617
4055
3667
3213
3249
   579.00006   567.00006    -0.50000     1.00000     0.30000    25    30.0
LO MagPE 30.000KE/1  Ex=1486.599eV WF=4.000eV Ck=XL Det=MCD Ent=6x12mm Exit=4mm
6675
6872
7044
7182
7496
7870
8488
9041
10049
11567
13238
14411
13822
12719
11049
9322
7995
7136
6497
5971
5845
5487
5265
5215
5066
