Ag(111) limpa 3d e 3p
   371.00003   366.00003    -0.20000     1.00000     0.30000    26    30.0
LO MagPE 30.000KE/1  Ex=1486.599eV WF=4.000eV Ck=XL Det=MCD Ent=6x12mm Exit=4mm
5747
5821
6346
6815
7840
8904
10663
13291
17391
23126
30121
37330
42641
43044
38148
30017
20882
13908
9625
7239
5629
4795
4179
3745
3484
3359
   579.00006   567.00006    -0.50000     1.00000     0.30000    25    30.0
LO MagPE 30.000KE/1  Ex=1486.599eV WF=4.000eV Ck=XL Det=MCD Ent=6x12mm Exit=4mm
7337
7377
7604
7796
8070
8442
9109
9921
11089
12639
14154
15129
14614
13452
11702
10041
8819
7805
7126
6804
6467
6237
5901
5914
5913
