Ag(111) limpa 3d e 3p
   371.00003   366.00003    -0.20000     1.00000     0.30000    26    30.0
LO MagPE 30.000KE/1  Ex=1486.599eV WF=4.000eV Ck=XL Det=MCD Ent=6x12mm Exit=4mm
5602
5994
6326
6877
7775
8893
10899
13771
17815
23981
31489
38293
43211
43345
38411
29716
20542
13549
9484
7003
5651
4762
4141
3863
3581
3403
   579.00006   567.00006    -0.50000     1.00000     0.30000    25    30.0
LO MagPE 30.000KE/1  Ex=1486.599eV WF=4.000eV Ck=XL Det=MCD Ent=6x12mm Exit=4mm
7296
7468
7650
7953
8364
8691
9225
9945
11394
12903
14173
15337
14974
13837
11818
9991
8770
7889
7050
6741
6409
6034
5976
5870
5661
