Ag(111) limpa 3d e 3p
   371.00003   366.00003    -0.20000     1.00000     0.30000    26    30.0
LO MagPE 30.000KE/1  Ex=1486.599eV WF=4.000eV Ck=XL Det=MCD Ent=6x12mm Exit=4mm
5340
5665
6193
6713
7458
8817
10686
13389
17759
22997
30086
36295
40174
40638
35662
27586
19362
12888
9078
6703
5290
4600
3989
3677
3366
3224
   579.00006   567.00006    -0.50000     1.00000     0.30000    25    30.0
LO MagPE 30.000KE/1  Ex=1486.599eV WF=4.000eV Ck=XL Det=MCD Ent=6x12mm Exit=4mm
7473
7600
7875
8076
8268
8841
9170
9917
11160
12613
14095
14927
14862
13570
11617
9890
8824
7884
7329
6853
6549
6357
6173
6053
5943
