Ag(111) limpa 3d e 3p
   371.00003   366.00003    -0.20000     1.00000     0.30000    26    30.0
LO MagPE 30.000KE/1  Ex=1486.599eV WF=4.000eV Ck=XL Det=MCD Ent=6x12mm Exit=4mm
1568
1757
1764
1962
2276
2656
3302
4097
5543
7369
9639
11962
13071
12801
10985
8364
5820
3674
2622
1962
1614
1291
1089
1018
938
915
   579.00006   567.00006    -0.50000     1.00000     0.30000    25    30.0
LO MagPE 30.000KE/1  Ex=1486.599eV WF=4.000eV Ck=XL Det=MCD Ent=6x12mm Exit=4mm
2107
2187
2210
2307
2408
2605
2610
3024
3300
3729
4059
4315
4307
3927
3295
2852
2517
2350
2090
1933
1945
1754
1836
1656
1687
