Ag(111) limpa 3d e 3p
   371.00003   366.00003    -0.20000     1.00000     0.30000    26    30.0
LO MagPE 30.000KE/1  Ex=1486.599eV WF=4.000eV Ck=XL Det=MCD Ent=6x12mm Exit=4mm
1752
1732
1906
2230
2441
2889
3562
4393
6052
8226
10336
12894
14329
14185
12205
9328
6532
4246
2881
2161
1697
1383
1124
1123
973
962
   579.00006   567.00006    -0.50000     1.00000     0.30000    25    30.0
LO MagPE 30.000KE/1  Ex=1486.599eV WF=4.000eV Ck=XL Det=MCD Ent=6x12mm Exit=4mm
2078
2381
2384
2476
2647
2637
2815
3033
3404
4079
4609
4888
4839
4286
3688
3110
2723
2476
2185
2107
1929
1878
1798
1867
1745
