Ag(111) limpa 3d e 3p
   371.00003   366.00003    -0.20000     1.00000     0.30000    26    30.0
LO MagPE 30.000KE/1  Ex=1486.599eV WF=4.000eV Ck=XL Det=MCD Ent=6x12mm Exit=4mm
4045
4175
4377
4812
5360
6111
7249
8868
11657
15558
20398
25687
29334
30006
26897
20916
14201
9524
6381
4739
3870
3363
2846
2587
2457
2501
   579.00006   567.00006    -0.50000     1.00000     0.30000    25    30.0
LO MagPE 30.000KE/1  Ex=1486.599eV WF=4.000eV Ck=XL Det=MCD Ent=6x12mm Exit=4mm
5133
5229
5373
5553
5668
5993
6368
6844
7659
8504
9666
10198
10050
9164
7802
6552
5755
5137
4651
4382
4193
4012
3929
3857
3761
