Ag(111) limpa 3d e 3p
   371.00003   366.00003    -0.20000     1.00000     0.30000    26    30.0
LO MagPE 30.000KE/1  Ex=1486.599eV WF=4.000eV Ck=XL Det=MCD Ent=6x12mm Exit=4mm
5418
5788
5953
6627
7528
8570
10253
12773
16826
22456
29249
35980
41043
41758
37346
29335
20665
13580
9397
6969
5471
4704
4028
3742
3462
3243
   579.00006   567.00006    -0.50000     1.00000     0.30000    25    30.0
LO MagPE 30.000KE/1  Ex=1486.599eV WF=4.000eV Ck=XL Det=MCD Ent=6x12mm Exit=4mm
7398
7587
7757
7907
8146
8672
8938
9905
10969
12346
13854
14677
14713
13279
11524
10030
8893
7810
7308
6804
6391
6307
6125
6051
5836
