Ag(111) limpa 3d e 3p
   371.00003   366.00003    -0.20000     1.00000     0.30000    26    30.0
LO MagPE 30.000KE/1  Ex=1486.599eV WF=4.000eV Ck=XL Det=MCD Ent=6x12mm Exit=4mm
2071
2198
2456
2593
2977
3436
4402
5629
7486
10084
13180
16285
18132
18259
15912
12329
8491
5423
3746
2704
2227
1815
1579
1374
1243
1173
   579.00006   567.00006    -0.50000     1.00000     0.30000    25    30.0
LO MagPE 30.000KE/1  Ex=1486.599eV WF=4.000eV Ck=XL Det=MCD Ent=6x12mm Exit=4mm
2536
2729
2692
2891
3051
3252
3534
3840
4271
5153
5607
6171
6123
5557
4577
3863
3312
2884
2566
2455
2245
2162
2069
2068
1864
