Ag(111) limpa 3d e 3p
   371.00003   366.00003    -0.20000     1.00000     0.30000    26    30.0
LO MagPE 30.000KE/1  Ex=1486.599eV WF=4.000eV Ck=XL Det=MCD Ent=6x12mm Exit=4mm
7356
7693
8366
9010
10382
12014
14688
18549
24438
32990
43534
53471
60087
60231
52796
41338
28554
18903
12844
9415
7434
6203
5414
4788
4455
4347
   579.00006   567.00006    -0.50000     1.00000     0.30000    25    30.0
LO MagPE 30.000KE/1  Ex=1486.599eV WF=4.000eV Ck=XL Det=MCD Ent=6x12mm Exit=4mm
8283
8381
8838
9166
9309
10094
10715
11957
13646
15877
18111
19380
19094
17230
14660
12144
10397
8986
8046
7541
7128
6654
6658
6448
6201
