Ag(111) limpa 3d e 3p
   371.00003   366.00003    -0.20000     1.00000     0.30000    26    30.0
LO MagPE 30.000KE/1  Ex=1486.599eV WF=4.000eV Ck=XL Det=MCD Ent=6x12mm Exit=4mm
5129
5317
5643
6265
6635
7829
9319
11490
15221
19868
26426
32080
36564
36927
33259
26084
18405
12225
8377
6284
5108
4341
3648
3460
3207
3060
   579.00006   567.00006    -0.50000     1.00000     0.30000    25    30.0
LO MagPE 30.000KE/1  Ex=1486.599eV WF=4.000eV Ck=XL Det=MCD Ent=6x12mm Exit=4mm
7196
7378
7536
7805
7777
8147
8631
9150
10277
11284
12827
13611
13372
12468
10861
9376
8297
7617
6991
6683
6202
6106
5978
5795
5744
