Ag(111) limpa 3d e 3p
   371.00003   366.00003    -0.20000     1.00000     0.30000    26    30.0
LO MagPE 30.000KE/1  Ex=1486.599eV WF=4.000eV Ck=XL Det=MCD Ent=6x12mm Exit=4mm
1949
2043
2216
2452
2692
3204
3852
5063
6563
8939
11420
14186
15616
15495
13633
10591
7144
4809
3206
2507
1926
1590
1393
1243
1166
1149
   579.00006   567.00006    -0.50000     1.00000     0.30000    25    30.0
LO MagPE 30.000KE/1  Ex=1486.599eV WF=4.000eV Ck=XL Det=MCD Ent=6x12mm Exit=4mm
2484
2564
2700
2776
2822
2996
3336
3620
4208
4639
5165
5649
5335
4919
4287
3658
3060
2679
2500
2378
2235
2220
2062
2028
1993
