Ag(111) limpa 3d e 3p
   371.00003   366.00003    -0.20000     1.00000     0.30000    26    30.0
LO MagPE 30.000KE/1  Ex=1486.599eV WF=4.000eV Ck=XL Det=MCD Ent=6x12mm Exit=4mm
1645
1672
1781
1979
2209
2349
2829
3586
4587
6088
7975
9933
10964
10895
9557
7564
5056
3320
2401
1780
1436
1262
1144
1077
1013
1010
   579.00006   567.00006    -0.50000     1.00000     0.30000    25    30.0
LO MagPE 30.000KE/1  Ex=1486.599eV WF=4.000eV Ck=XL Det=MCD Ent=6x12mm Exit=4mm
2363
2354
2456
2468
2594
2653
2801
3051
3282
3650
3802
3943
3902
3436
3101
2550
2214
2132
1953
1783
1782
1713
1632
1581
1587
