Ag(111) limpa 3d e 3p
   371.00003   366.00003    -0.20000     1.00000     0.30000    26    30.0
LO MagPE 30.000KE/1  Ex=1486.599eV WF=4.000eV Ck=XL Det=MCD Ent=6x12mm Exit=4mm
7020
7379
8102
8705
9947
11654
13995
18152
23790
32050
41267
50943
57005
56317
49712
38174
26493
17602
12124
8722
7094
5906
4970
4672
4371
4081
   579.00006   567.00006    -0.50000     1.00000     0.30000    25    30.0
LO MagPE 30.000KE/1  Ex=1486.599eV WF=4.000eV Ck=XL Det=MCD Ent=6x12mm Exit=4mm
8284
8426
8903
9141
9594
10101
10974
12012
13857
16232
18374
20040
19533
17739
14583
12285
10402
8886
8264
7717
7205
6707
6525
6416
6317
