Ag(111) limpa 3d e 3p
   371.00003   366.00003    -0.20000     1.00000     0.30000    26    30.0
LO MagPE 30.000KE/1  Ex=1486.599eV WF=4.000eV Ck=XL Det=MCD Ent=6x12mm Exit=4mm
1864
1967
2169
2292
2744
3115
3777
4906
6463
8527
10991
13657
15364
14908
12922
10259
6953
4669
3160
2414
1921
1563
1313
1268
1152
1080
   579.00006   567.00006    -0.50000     1.00000     0.30000    25    30.0
LO MagPE 30.000KE/1  Ex=1486.599eV WF=4.000eV Ck=XL Det=MCD Ent=6x12mm Exit=4mm
2578
2571
2638
2771
3019
2907
3217
3395
3990
4450
4919
5217
5232
4759
4003
3527
3063
2717
2623
2470
2315
2214
2149
2100
2115
