Ag(111) limpa 3d e 3p
   371.00003   366.00003    -0.20000     1.00000     0.30000    26    30.0
LO MagPE 30.000KE/1  Ex=1486.599eV WF=4.000eV Ck=XL Det=MCD Ent=6x12mm Exit=4mm
5842
6085
6417
7076
7713
8955
10830
13529
17648
23705
30888
38426
43816
44999
40309
31504
21922
14364
9965
7287
5702
4926
4229
3824
3550
3506
   579.00006   567.00006    -0.50000     1.00000     0.30000    25    30.0
LO MagPE 30.000KE/1  Ex=1486.599eV WF=4.000eV Ck=XL Det=MCD Ent=6x12mm Exit=4mm
7384
7520
7747
8018
8242
8753
9188
10053
11204
12792
14561
15454
15400
14057
11863
10153
8640
7784
6872
6680
6398
6059
5891
5720
5564
