Ag(111) limpa 3d e 3p
   371.00003   366.00003    -0.20000     1.00000     0.30000    26    30.0
LO MagPE 30.000KE/1  Ex=1486.599eV WF=4.000eV Ck=XL Det=MCD Ent=6x12mm Exit=4mm
5651
5874
6298
6951
7732
8922
10907
13461
17533
23635
30662
37371
42719
43344
38324
30351
21257
13930
9634
7146
5520
4741
4103
3850
3483
3339
   579.00006   567.00006    -0.50000     1.00000     0.30000    25    30.0
LO MagPE 30.000KE/1  Ex=1486.599eV WF=4.000eV Ck=XL Det=MCD Ent=6x12mm Exit=4mm
7002
7143
7502
7591
7897
8269
8663
9750
10702
12433
13681
14664
14513
13124
11330
9536
8470
7432
6716
6412
6136
5812
5675
5430
5440
