Ag(111) limpa 3d e 3p
   371.00003   366.00003    -0.20000     1.00000     0.30000    26    30.0
LO MagPE 30.000KE/1  Ex=1486.599eV WF=4.000eV Ck=XL Det=MCD Ent=6x12mm Exit=4mm
2052
2040
2281
2621
2758
3413
4162
5384
6889
9368
12210
15238
17259
17415
15415
11620
8155
5314
3647
2693
2060
1712
1512
1273
1139
1171
   579.00006   567.00006    -0.50000     1.00000     0.30000    25    30.0
LO MagPE 30.000KE/1  Ex=1486.599eV WF=4.000eV Ck=XL Det=MCD Ent=6x12mm Exit=4mm
2501
2601
2680
2763
2950
3009
3357
3716
4262
4736
5460
5824
5806
5133
4426
3654
3128
2874
2579
2358
2197
2165
2021
2012
2051
