Ag(111) limpa 3d e 3p
   371.00003   366.00003    -0.20000     1.00000     0.30000    26    30.0
LO MagPE 30.000KE/1  Ex=1486.599eV WF=4.000eV Ck=XL Det=MCD Ent=6x12mm Exit=4mm
1958
1974
2271
2599
2846
3487
4203
5350
7124
9408
12580
15285
17184
16769
14741
11483
7753
5037
3538
2508
2033
1632
1439
1276
1241
1115
   579.00006   567.00006    -0.50000     1.00000     0.30000    25    30.0
LO MagPE 30.000KE/1  Ex=1486.599eV WF=4.000eV Ck=XL Det=MCD Ent=6x12mm Exit=4mm
2331
2327
2427
2507
2702
2799
3047
3352
3915
4288
5080
5280
5200
4637
3928
3426
2930
2613
2363
2095
1955
1907
1809
1828
1742
