Ag(111) limpa 3d e 3p
   371.00003   366.00003    -0.20000     1.00000     0.30000    26    30.0
LO MagPE 30.000KE/1  Ex=1486.599eV WF=4.000eV Ck=XL Det=MCD Ent=6x12mm Exit=4mm
1561
1585
1718
1939
2121
2601
2975
3981
5158
6947
9021
11068
12548
12222
10816
8361
5727
3891
2692
1920
1557
1269
1156
1038
1020
881
   579.00006   567.00006    -0.50000     1.00000     0.30000    25    30.0
LO MagPE 30.000KE/1  Ex=1486.599eV WF=4.000eV Ck=XL Det=MCD Ent=6x12mm Exit=4mm
2289
2320
2475
2457
2639
2796
2932
3194
3466
3935
4550
4870
4742
4278
3640
3198
2838
2482
2318
2276
2030
2031
1920
1927
1932
