Ag(111) limpa 3d e 3p
   371.00003   366.00003    -0.20000     1.00000     0.30000    26    30.0
LO MagPE 30.000KE/1  Ex=1486.599eV WF=4.000eV Ck=XL Det=MCD Ent=6x12mm Exit=4mm
2185
2217
2500
2760
3110
3570
4473
5771
7539
10253
13434
16161
18196
18041
15630
11999
8256
5638
3787
2826
2217
1804
1598
1424
1300
1316
   579.00006   567.00006    -0.50000     1.00000     0.30000    25    30.0
LO MagPE 30.000KE/1  Ex=1486.599eV WF=4.000eV Ck=XL Det=MCD Ent=6x12mm Exit=4mm
2798
2817
2951
2898
3056
3401
3534
3955
4397
5200
5790
6274
6218
5438
4560
3939
3402
3049
2708
2524
2385
2247
2208
2237
2099
