Ag(111) limpa 3d e 3p
   371.00003   366.00003    -0.20000     1.00000     0.30000    26    30.0
LO MagPE 30.000KE/1  Ex=1486.599eV WF=4.000eV Ck=XL Det=MCD Ent=6x12mm Exit=4mm
4975
5147
5428
6044
6605
7442
9308
11546
15258
20257
26255
32789
36991
37304
32602
25266
17641
11504
8113
5943
4687
4064
3674
3304
3032
2903
   579.00006   567.00006    -0.50000     1.00000     0.30000    25    30.0
LO MagPE 30.000KE/1  Ex=1486.599eV WF=4.000eV Ck=XL Det=MCD Ent=6x12mm Exit=4mm
5821
6121
6270
6464
6694
6992
7268
8071
8890
10052
11375
12175
11951
10781
9425
7834
6882
6081
5687
5181
4965
4782
4669
4676
4409
