Ag(111) limpa 3d e 3p
   371.00003   366.00003    -0.20000     1.00000     0.30000    26    30.0
LO MagPE 30.000KE/1  Ex=1486.599eV WF=4.000eV Ck=XL Det=MCD Ent=6x12mm Exit=4mm
4277
4309
4585
4983
5559
6287
7541
9034
11723
15647
20568
25481
29601
30932
27716
21996
15486
10219
7071
5204
4302
3427
3117
2954
2693
2589
   579.00006   567.00006    -0.50000     1.00000     0.30000    25    30.0
LO MagPE 30.000KE/1  Ex=1486.599eV WF=4.000eV Ck=XL Det=MCD Ent=6x12mm Exit=4mm
5669
5830
5785
6023
6105
6525
6782
7383
8184
8972
10144
10790
10333
9635
8336
7215
6189
5717
5181
4814
4561
4534
4439
4305
4182
