Ag(111) limpa 3d e 3p
   371.00003   366.00003    -0.20000     1.00000     0.30000    26    30.0
LO MagPE 30.000KE/1  Ex=1486.599eV WF=4.000eV Ck=XL Det=MCD Ent=6x12mm Exit=4mm
1830
1964
2156
2339
2570
2996
3686
4749
6308
8395
10888
13190
14756
14770
12721
9739
6806
4541
3083
2314
1853
1468
1386
1277
1092
1076
   579.00006   567.00006    -0.50000     1.00000     0.30000    25    30.0
LO MagPE 30.000KE/1  Ex=1486.599eV WF=4.000eV Ck=XL Det=MCD Ent=6x12mm Exit=4mm
2557
2613
2585
2712
2848
2954
3227
3512
3959
4464
5076
5314
5339
4801
4043
3449
3090
2687
2555
2387
2237
2106
2083
2137
2026
