Ag(111) limpa 3d e 3p
   371.00003   366.00003    -0.20000     1.00000     0.30000    26    30.0
LO MagPE 30.000KE/1  Ex=1486.599eV WF=4.000eV Ck=XL Det=MCD Ent=6x12mm Exit=4mm
4918
5329
5694
6053
6810
7668
9308
11659
14749
19608
25891
32204
37052
37618
33671
26551
18809
12593
8500
6305
5105
4383
3846
3421
3182
3047
   579.00006   567.00006    -0.50000     1.00000     0.30000    25    30.0
LO MagPE 30.000KE/1  Ex=1486.599eV WF=4.000eV Ck=XL Det=MCD Ent=6x12mm Exit=4mm
6625
6597
6904
6964
7333
7547
7549
8536
9196
10406
11504
12577
12342
11237
9759
8493
7511
6863
6398
6016
5693
5643
5359
5236
5230
