Ag(111) limpa 3d e 3p
   371.00003   366.00003    -0.20000     1.00000     0.30000    26    30.0
LO MagPE 30.000KE/1  Ex=1486.599eV WF=4.000eV Ck=XL Det=MCD Ent=6x12mm Exit=4mm
1580
1719
1866
2057
2378
2752
3268
4260
5594
7588
9464
11513
12927
12387
10976
8479
5806
3917
2675
2043
1504
1285
1144
1025
966
984
   579.00006   567.00006    -0.50000     1.00000     0.30000    25    30.0
LO MagPE 30.000KE/1  Ex=1486.599eV WF=4.000eV Ck=XL Det=MCD Ent=6x12mm Exit=4mm
2341
2335
2460
2565
2635
2814
3061
3349
3567
4110
4659
5059
4810
4504
3768
3132
2861
2556
2266
2113
2091
1913
1930
1933
1841
