Ag(111) limpa 3d e 3p
   371.00003   366.00003    -0.20000     1.00000     0.30000    26    30.0
LO MagPE 30.000KE/1  Ex=1486.599eV WF=4.000eV Ck=XL Det=MCD Ent=6x12mm Exit=4mm
1894
1960
2109
2371
2588
3006
3761
4675
6357
8309
10900
13555
14833
14839
13179
10157
7153
4767
3043
2439
1836
1541
1393
1239
1084
1025
   579.00006   567.00006    -0.50000     1.00000     0.30000    25    30.0
LO MagPE 30.000KE/1  Ex=1486.599eV WF=4.000eV Ck=XL Det=MCD Ent=6x12mm Exit=4mm
2545
2559
2717
2672
2761
2843
3182
3458
3866
4527
4958
5377
5321
4725
4015
3525
2974
2698
2435
2322
2241
2115
2030
2089
2019
