Ag(111) limpa 3d e 3p
   371.00003   366.00003    -0.20000     1.00000     0.30000    26    30.0
LO MagPE 30.000KE/1  Ex=1486.599eV WF=4.000eV Ck=XL Det=MCD Ent=6x12mm Exit=4mm
5189
5558
5897
6454
7226
8350
10207
13040
17106
22163
28966
35059
39985
39805
35227
27259
19167
12949
8854
6674
5376
4564
3957
3584
3320
3089
   579.00006   567.00006    -0.50000     1.00000     0.30000    25    30.0
LO MagPE 30.000KE/1  Ex=1486.599eV WF=4.000eV Ck=XL Det=MCD Ent=6x12mm Exit=4mm
7513
7931
7867
8311
8613
9051
9680
10453
11432
13297
14890
15596
15340
14074
12002
10342
8970
8131
7576
7034
6811
6452
6316
6272
6203
