Ag(111) limpa 3d e 3p
   371.00003   366.00003    -0.20000     1.00000     0.30000    26    30.0
LO MagPE 30.000KE/1  Ex=1486.599eV WF=4.000eV Ck=XL Det=MCD Ent=6x12mm Exit=4mm
3612
3764
3950
4262
4553
5341
6137
7700
9811
12911
16656
20900
24445
24537
22917
18145
12645
8456
5823
4324
3551
3060
2696
2475
2245
2134
   579.00006   567.00006    -0.50000     1.00000     0.30000    25    30.0
LO MagPE 30.000KE/1  Ex=1486.599eV WF=4.000eV Ck=XL Det=MCD Ent=6x12mm Exit=4mm
5043
5144
5463
5458
5451
5778
6116
6362
7011
7850
8570
9025
8835
8207
7255
6174
5585
5017
4696
4417
4257
4133
4062
3978
3988
