Ag(111) limpa 3d e 3p
   371.00003   366.00003    -0.20000     1.00000     0.30000    26    30.0
LO MagPE 30.000KE/1  Ex=1486.599eV WF=4.000eV Ck=XL Det=MCD Ent=6x12mm Exit=4mm
5026
5289
5591
6148
6663
7889
9464
11587
14951
19683
26326
32047
37140
38361
34433
27162
18849
12602
8521
6495
5027
4363
3815
3463
3225
3049
   579.00006   567.00006    -0.50000     1.00000     0.30000    25    30.0
LO MagPE 30.000KE/1  Ex=1486.599eV WF=4.000eV Ck=XL Det=MCD Ent=6x12mm Exit=4mm
6538
6689
6822
7039
7389
7511
8050
8750
9727
11092
12534
13198
13104
11814
10304
8823
7574
6862
6321
5735
5568
5565
5272
5160
5161
