Ag(111) limpa 3d e 3p
   371.00003   366.00003    -0.20000     1.00000     0.30000    26    30.0
LO MagPE 30.000KE/1  Ex=1486.599eV WF=4.000eV Ck=XL Det=MCD Ent=6x12mm Exit=4mm
5565
5695
6087
6751
7673
8811
10743
13510
17699
23134
30180
37044
41420
41468
36588
28277
19668
13231
9201
6879
5418
4704
4060
3643
3413
3268
   579.00006   567.00006    -0.50000     1.00000     0.30000    25    30.0
LO MagPE 30.000KE/1  Ex=1486.599eV WF=4.000eV Ck=XL Det=MCD Ent=6x12mm Exit=4mm
7494
7740
7899
8138
8410
8734
9238
9762
10832
12346
13720
14868
14491
13074
11619
10041
8856
7932
7317
7004
6851
6473
6459
6201
6094
