Ag(111) limpa 3d e 3p
   371.00003   366.00003    -0.20000     1.00000     0.30000    26    30.0
LO MagPE 30.000KE/1  Ex=1486.599eV WF=4.000eV Ck=XL Det=MCD Ent=6x12mm Exit=4mm
1672
1648
1813
1943
2149
2425
2810
3552
4745
6103
7887
9806
10932
10821
9608
7304
5009
3285
2404
1828
1532
1325
1193
1067
946
985
   579.00006   567.00006    -0.50000     1.00000     0.30000    25    30.0
LO MagPE 30.000KE/1  Ex=1486.599eV WF=4.000eV Ck=XL Det=MCD Ent=6x12mm Exit=4mm
2368
2417
2575
2525
2486
2692
2813
2964
3168
3545
3674
4025
3722
3424
2897
2494
2324
2046
1963
1733
1642
1695
1644
1586
1652
