Ag(111) limpa 3d e 3p
   371.00003   366.00003    -0.20000     1.00000     0.30000    26    30.0
LO MagPE 30.000KE/1  Ex=1486.599eV WF=4.000eV Ck=XL Det=MCD Ent=6x12mm Exit=4mm
1931
1995
2060
2233
2447
2742
3264
3972
5150
6666
8749
10985
12544
12909
11292
9124
6296
4231
2926
2239
1787
1563
1434
1289
1269
1134
   579.00006   567.00006    -0.50000     1.00000     0.30000    25    30.0
LO MagPE 30.000KE/1  Ex=1486.599eV WF=4.000eV Ck=XL Det=MCD Ent=6x12mm Exit=4mm
2786
2880
2943
3066
3169
3209
3437
3685
3892
4213
4801
4815
4635
4281
3770
3403
3002
2700
2550
2406
2199
2271
2183
2319
2075
