Ag(111) limpa 3d e 3p
   371.00003   366.00003    -0.20000     1.00000     0.30000    26    30.0
LO MagPE 30.000KE/1  Ex=1486.599eV WF=4.000eV Ck=XL Det=MCD Ent=6x12mm Exit=4mm
1836
1980
2189
2399
2745
3262
3872
5023
6749
9235
11852
14435
16315
15962
13610
10496
7224
4697
3202
2392
1933
1569
1425
1263
1081
1122
   579.00006   567.00006    -0.50000     1.00000     0.30000    25    30.0
LO MagPE 30.000KE/1  Ex=1486.599eV WF=4.000eV Ck=XL Det=MCD Ent=6x12mm Exit=4mm
2366
2418
2427
2608
2721
2777
3051
3312
3897
4485
4900
5369
5357
4786
3926
3370
3040
2450
2289
2123
2050
1950
1861
1907
1807
