Ag(111) limpa 3d e 3p
   371.00003   366.00003    -0.20000     1.00000     0.30000    26    30.0
LO MagPE 30.000KE/1  Ex=1486.599eV WF=4.000eV Ck=XL Det=MCD Ent=6x12mm Exit=4mm
3701
3792
4051
4324
4892
5455
6416
7956
10374
13580
17966
22626
25930
26721
23945
19115
13143
8901
6092
4507
3597
3143
2649
2440
2361
2171
   579.00006   567.00006    -0.50000     1.00000     0.30000    25    30.0
LO MagPE 30.000KE/1  Ex=1486.599eV WF=4.000eV Ck=XL Det=MCD Ent=6x12mm Exit=4mm
4798
4901
4968
5184
5458
5604
5828
6351
6977
7785
8816
9091
9046
8266
6958
6354
5362
4778
4462
4203
3885
3826
3693
3540
3600
