Ag(111) limpa 3d e 3p
   371.00003   366.00003    -0.20000     1.00000     0.30000    26    30.0
LO MagPE 30.000KE/1  Ex=1486.599eV WF=4.000eV Ck=XL Det=MCD Ent=6x12mm Exit=4mm
3998
4211
4410
4831
5229
6110
7180
8624
11443
14777
19672
24284
27628
28563
25759
20312
14438
9585
6647
4865
4034
3517
3046
2742
2665
2473
   579.00006   567.00006    -0.50000     1.00000     0.30000    25    30.0
LO MagPE 30.000KE/1  Ex=1486.599eV WF=4.000eV Ck=XL Det=MCD Ent=6x12mm Exit=4mm
5430
5502
5754
5838
5950
6360
6518
7181
7931
8873
9488
9876
9632
8700
7401
6341
5709
5108
4721
4422
4265
4138
4025
3928
3818
