Ag(111) limpa 3d e 3p
   371.00003   366.00003    -0.20000     1.00000     0.30000    26    30.0
LO MagPE 30.000KE/1  Ex=1486.599eV WF=4.000eV Ck=XL Det=MCD Ent=6x12mm Exit=4mm
5307
5436
5965
6533
7398
8411
10304
12757
16662
22220
28679
35541
39886
40460
36181
28379
19766
13144
8855
7028
5313
4470
3940
3749
3395
3171
   579.00006   567.00006    -0.50000     1.00000     0.30000    25    30.0
LO MagPE 30.000KE/1  Ex=1486.599eV WF=4.000eV Ck=XL Det=MCD Ent=6x12mm Exit=4mm
6870
7162
7250
7354
7801
8099
8676
9450
10247
11913
13275
14330
14231
12750
10944
9374
8144
7319
6622
6245
5985
5656
5477
5479
5264
