Ag(111) limpa 3d e 3p
   371.00003   366.00003    -0.20000     1.00000     0.30000    26    30.0
LO MagPE 30.000KE/1  Ex=1486.599eV WF=4.000eV Ck=XL Det=MCD Ent=6x12mm Exit=4mm
3474
3552
3689
3876
4327
4994
5908
7323
9341
12306
16064
20120
22520
23086
20802
16281
11169
7513
5377
4050
3184
2755
2467
2248
2124
2113
   579.00006   567.00006    -0.50000     1.00000     0.30000    25    30.0
LO MagPE 30.000KE/1  Ex=1486.599eV WF=4.000eV Ck=XL Det=MCD Ent=6x12mm Exit=4mm
4660
4928
5005
5151
5288
5286
5605
6131
6702
7258
8042
8442
8367
7621
6691
5880
5143
4694
4327
4186
4102
3825
3733
3697
3798
