Ag(111) limpa 3d e 3p
   371.00003   366.00003    -0.20000     1.00000     0.30000    26    30.0
LO MagPE 30.000KE/1  Ex=1486.599eV WF=4.000eV Ck=XL Det=MCD Ent=6x12mm Exit=4mm
5651
5848
6219
6916
7558
8899
10511
13076
17057
22763
29807
36859
41644
42364
38115
29862
20845
13934
9553
7104
5708
4739
4144
3785
3544
3344
   579.00006   567.00006    -0.50000     1.00000     0.30000    25    30.0
LO MagPE 30.000KE/1  Ex=1486.599eV WF=4.000eV Ck=XL Det=MCD Ent=6x12mm Exit=4mm
7211
7416
7619
7721
8065
8330
8921
9803
10841
12459
13900
14774
14743
13473
11518
9883
8522
7724
7334
6602
6202
6112
6044
5732
5739
