Ag(111) limpa 3d e 3p
   371.00003   366.00003    -0.20000     1.00000     0.30000    26    30.0
LO MagPE 30.000KE/1  Ex=1486.599eV WF=4.000eV Ck=XL Det=MCD Ent=6x12mm Exit=4mm
1925
2001
2155
2303
2581
2874
3347
4090
5528
7419
9376
11562
13288
13569
11989
9308
6587
4235
2931
2314
1850
1497
1425
1306
1145
1184
   579.00006   567.00006    -0.50000     1.00000     0.30000    25    30.0
LO MagPE 30.000KE/1  Ex=1486.599eV WF=4.000eV Ck=XL Det=MCD Ent=6x12mm Exit=4mm
2695
2884
2865
2968
2972
3093
3211
3541
3824
4226
4689
4807
4664
4261
3672
3167
2739
2443
2450
2250
2080
2091
2043
1941
1866
