Ag(111) limpa 3d e 3p
   371.00003   366.00003    -0.20000     1.00000     0.30000    26    30.0
LO MagPE 30.000KE/1  Ex=1486.599eV WF=4.000eV Ck=XL Det=MCD Ent=6x12mm Exit=4mm
1946
2018
2131
2273
2628
3135
3765
4801
6351
8416
10981
13626
15139
15313
13420
10515
7002
4659
3254
2352
1909
1578
1330
1258
1111
1107
   579.00006   567.00006    -0.50000     1.00000     0.30000    25    30.0
LO MagPE 30.000KE/1  Ex=1486.599eV WF=4.000eV Ck=XL Det=MCD Ent=6x12mm Exit=4mm
2589
2642
2674
2793
2912
3132
3222
3560
4048
4577
5146
5472
5434
4972
4276
3572
3105
2833
2629
2413
2236
2206
2045
2007
2006
