Ag(111) limpa 3d e 3p
   371.00003   366.00003    -0.20000     1.00000     0.30000    26    30.0
LO MagPE 30.000KE/1  Ex=1486.599eV WF=4.000eV Ck=XL Det=MCD Ent=6x12mm Exit=4mm
1775
1860
2116
2205
2390
2835
3585
4357
5867
7629
10052
12151
13804
13910
12193
9508
6520
4393
3056
2203
1789
1429
1193
1140
1124
1012
   579.00006   567.00006    -0.50000     1.00000     0.30000    25    30.0
LO MagPE 30.000KE/1  Ex=1486.599eV WF=4.000eV Ck=XL Det=MCD Ent=6x12mm Exit=4mm
2521
2618
2649
2645
2808
2979
3198
3402
3944
4324
4868
5199
5144
4566
4086
3357
3024
2678
2417
2436
2176
2139
2088
2055
1968
