Ag(111) limpa 3d e 3p
   371.00003   366.00003    -0.20000     1.00000     0.30000    26    30.0
LO MagPE 30.000KE/1  Ex=1486.599eV WF=4.000eV Ck=XL Det=MCD Ent=6x12mm Exit=4mm
1895
2006
2108
2361
2645
3130
3923
5034
6565
8973
11534
14041
15628
15212
13308
10002
6893
4507
3074
2403
1846
1477
1350
1166
1144
1070
   579.00006   567.00006    -0.50000     1.00000     0.30000    25    30.0
LO MagPE 30.000KE/1  Ex=1486.599eV WF=4.000eV Ck=XL Det=MCD Ent=6x12mm Exit=4mm
2574
2594
2619
2775
2789
2877
3154
3591
4100
4666
5098
5489
5528
4946
4119
3652
3035
2764
2487
2310
2217
2161
2014
1950
1938
