Ag(111) limpa 3d e 3p
   371.00003   366.00003    -0.20000     1.00000     0.30000    26    30.0
LO MagPE 30.000KE/1  Ex=1486.599eV WF=4.000eV Ck=XL Det=MCD Ent=6x12mm Exit=4mm
2017
2133
2369
2588
3049
3533
4377
5432
7461
9875
12932
15783
17519
17279
14928
11284
7698
5084
3465
2637
2010
1653
1456
1372
1171
1217
   579.00006   567.00006    -0.50000     1.00000     0.30000    25    30.0
LO MagPE 30.000KE/1  Ex=1486.599eV WF=4.000eV Ck=XL Det=MCD Ent=6x12mm Exit=4mm
2587
2670
2846
2802
2916
3088
3364
3749
4264
4856
5471
6013
5778
5349
4511
3846
3245
2946
2586
2444
2275
2067
2083
2053
2034
