Ag(111) limpa 3d e 3p
   371.00003   366.00003    -0.20000     1.00000     0.30000    26    30.0
LO MagPE 30.000KE/1  Ex=1486.599eV WF=4.000eV Ck=XL Det=MCD Ent=6x12mm Exit=4mm
4724
4799
5115
5555
6181
6883
8253
10344
13251
17583
22773
28596
32678
33834
30277
24281
16872
11320
7681
5791
4582
3895
3364
3157
2973
2748
   579.00006   567.00006    -0.50000     1.00000     0.30000    25    30.0
LO MagPE 30.000KE/1  Ex=1486.599eV WF=4.000eV Ck=XL Det=MCD Ent=6x12mm Exit=4mm
6442
6386
6635
6937
6976
7298
7590
8283
8945
10109
11233
11830
12004
10832
9336
8175
7270
6602
6071
5777
5513
5320
5357
5198
5039
