Ag(111) limpa 3d e 3p
   371.00003   366.00003    -0.20000     1.00000     0.30000    26    30.0
LO MagPE 30.000KE/1  Ex=1486.599eV WF=4.000eV Ck=XL Det=MCD Ent=6x12mm Exit=4mm
5900
6080
6636
7324
8115
9139
11061
14063
18057
24363
32009
39309
44794
45323
40709
31839
22429
14821
9963
7387
5861
4845
4393
3890
3635
3503
   579.00006   567.00006    -0.50000     1.00000     0.30000    25    30.0
LO MagPE 30.000KE/1  Ex=1486.599eV WF=4.000eV Ck=XL Det=MCD Ent=6x12mm Exit=4mm
7421
7633
7927
8187
8495
8761
9440
10268
11670
13152
14719
15787
15699
14256
11992
10410
9152
8041
7234
6706
6452
6272
6025
5816
5781
