Ag(111) limpa 3d e 3p
   371.00003   366.00003    -0.20000     1.00000     0.30000    26    30.0
LO MagPE 30.000KE/1  Ex=1486.599eV WF=4.000eV Ck=XL Det=MCD Ent=6x12mm Exit=4mm
3479
3776
3896
4061
4415
5260
6093
7463
9818
13104
16966
21010
24237
24577
22191
17032
11909
7974
5506
4233
3354
2895
2481
2367
2180
2154
   579.00006   567.00006    -0.50000     1.00000     0.30000    25    30.0
LO MagPE 30.000KE/1  Ex=1486.599eV WF=4.000eV Ck=XL Det=MCD Ent=6x12mm Exit=4mm
4770
4938
4999
5031
5205
5422
5728
6195
6678
7529
8143
8646
8493
7712
6750
5903
5241
4857
4287
4139
4061
3804
3708
3660
3658
