Ag(111) limpa 3d e 3p
   371.00003   366.00003    -0.20000     1.00000     0.30000    26    30.0
LO MagPE 30.000KE/1  Ex=1486.599eV WF=4.000eV Ck=XL Det=MCD Ent=6x12mm Exit=4mm
2035
2069
2212
2335
2659
2990
3410
4318
5642
7366
9532
11876
13351
13409
11831
9176
6350
4361
3059
2346
1904
1692
1406
1349
1249
1165
   579.00006   567.00006    -0.50000     1.00000     0.30000    25    30.0
LO MagPE 30.000KE/1  Ex=1486.599eV WF=4.000eV Ck=XL Det=MCD Ent=6x12mm Exit=4mm
2882
3207
3329
3333
3426
3392
3651
3964
4370
4755
4935
4919
4638
4170
3706
3216
2746
2626
2402
2358
2246
2070
2050
2065
1949
