Ag(111) limpa 3d e 3p
   371.00003   366.00003    -0.20000     1.00000     0.30000    26    30.0
LO MagPE 30.000KE/1  Ex=1486.599eV WF=4.000eV Ck=XL Det=MCD Ent=6x12mm Exit=4mm
4459
4672
5024
5386
5868
6669
7913
10034
13212
17183
22639
28216
31512
32333
29638
23063
16009
10655
7361
5377
4430
3750
3252
2934
2738
2712
   579.00006   567.00006    -0.50000     1.00000     0.30000    25    30.0
LO MagPE 30.000KE/1  Ex=1486.599eV WF=4.000eV Ck=XL Det=MCD Ent=6x12mm Exit=4mm
5937
5962
6302
6349
6528
6768
7243
7782
8436
9638
10672
11572
11106
10241
8792
7742
6649
5960
5578
5164
4975
4878
4653
4593
4395
