Ag(111) limpa 3d e 3p
   371.00003   366.00003    -0.20000     1.00000     0.30000    26    30.0
LO MagPE 30.000KE/1  Ex=1486.599eV WF=4.000eV Ck=XL Det=MCD Ent=6x12mm Exit=4mm
5778
6272
6624
7137
8006
9473
11142
14158
18757
24818
32315
40158
45308
45801
40991
32022
22232
14602
10028
7559
5991
5090
4388
4003
3538
3440
   579.00006   567.00006    -0.50000     1.00000     0.30000    25    30.0
LO MagPE 30.000KE/1  Ex=1486.599eV WF=4.000eV Ck=XL Det=MCD Ent=6x12mm Exit=4mm
7151
7552
7687
8084
8237
8762
9319
10216
11355
12876
14449
15509
15170
14172
11965
10084
8999
7950
7280
6942
6310
6426
6089
5806
5713
