Ag(111) limpa 3d e 3p
   371.00003   366.00003    -0.20000     1.00000     0.30000    26    30.0
LO MagPE 30.000KE/1  Ex=1486.599eV WF=4.000eV Ck=XL Det=MCD Ent=6x12mm Exit=4mm
1976
2116
2298
2504
2970
3480
4252
5403
7177
9739
12738
15537
17616
17561
15340
11746
7970
5225
3535
2714
2087
1686
1450
1349
1322
1187
   579.00006   567.00006    -0.50000     1.00000     0.30000    25    30.0
LO MagPE 30.000KE/1  Ex=1486.599eV WF=4.000eV Ck=XL Det=MCD Ent=6x12mm Exit=4mm
2525
2672
2809
2876
2969
3156
3500
3825
4375
4970
5699
5972
6122
5385
4486
3849
3232
2872
2531
2386
2261
2162
2036
2025
1974
