Ag(111) limpa 3d e 3p
   371.00003   366.00003    -0.20000     1.00000     0.30000    26    30.0
LO MagPE 30.000KE/1  Ex=1486.599eV WF=4.000eV Ck=XL Det=MCD Ent=6x12mm Exit=4mm
4447
4304
4819
5256
5752
6470
7989
9743
12685
16919
22102
27133
30772
31497
28138
21866
15048
10010
7070
5286
4146
3518
3187
2886
2713
2591
   579.00006   567.00006    -0.50000     1.00000     0.30000    25    30.0
LO MagPE 30.000KE/1  Ex=1486.599eV WF=4.000eV Ck=XL Det=MCD Ent=6x12mm Exit=4mm
5596
5956
6084
6341
6410
6717
6880
7609
8334
9527
10462
11265
10847
9916
8609
7566
6510
5823
5500
5053
4872
4663
4558
4306
4382
