Ag(111) limpa 3d e 3p
   371.00003   366.00003    -0.20000     1.00000     0.30000    26    30.0
LO MagPE 30.000KE/1  Ex=1486.599eV WF=4.000eV Ck=XL Det=MCD Ent=6x12mm Exit=4mm
6681
7142
7768
8350
9449
10940
13224
16554
21602
28924
37891
47348
53752
54606
48948
38231
26407
17386
12028
8752
6896
5778
5080
4527
4126
3891
   579.00006   567.00006    -0.50000     1.00000     0.30000    25    30.0
LO MagPE 30.000KE/1  Ex=1486.599eV WF=4.000eV Ck=XL Det=MCD Ent=6x12mm Exit=4mm
7655
8039
8055
8419
8761
9276
9770
10846
12172
14159
16020
17395
17048
15408
12973
11181
9299
8306
7448
6946
6660
6315
5962
5999
5687
