Ag(111) limpa 3d e 3p
   371.00003   366.00003    -0.20000     1.00000     0.30000    26    30.0
LO MagPE 30.000KE/1  Ex=1486.599eV WF=4.000eV Ck=XL Det=MCD Ent=6x12mm Exit=4mm
2340
2572
2761
3121
3379
3994
4905
6367
8704
11450
15035
18086
20436
20640
17921
13800
9377
6315
4285
3139
2472
2031
1684
1505
1404
1383
   579.00006   567.00006    -0.50000     1.00000     0.30000    25    30.0
LO MagPE 30.000KE/1  Ex=1486.599eV WF=4.000eV Ck=XL Det=MCD Ent=6x12mm Exit=4mm
2615
2849
2847
2864
3195
3228
3483
4030
4553
5418
6078
6486
6471
5746
4823
4080
3546
3077
2634
2520
2281
2222
2080
2040
2046
