Ag(111) limpa 3d e 3p
   371.00003   366.00003    -0.20000     1.00000     0.30000    26    30.0
LO MagPE 30.000KE/1  Ex=1486.599eV WF=4.000eV Ck=XL Det=MCD Ent=6x12mm Exit=4mm
1366
1402
1504
1517
1754
1892
2233
2661
3491
4619
5897
7197
8056
8234
7151
5574
3787
2605
1880
1502
1228
1090
986
926
889
852
   579.00006   567.00006    -0.50000     1.00000     0.30000    25    30.0
LO MagPE 30.000KE/1  Ex=1486.599eV WF=4.000eV Ck=XL Det=MCD Ent=6x12mm Exit=4mm
2293
2482
2508
2483
2574
2572
2612
2793
3080
3316
3315
3416
3205
2893
2697
2315
2045
2027
1852
1769
1702
1767
1671
1662
1682
