Ag(111) limpa 3d e 3p
   371.00003   366.00003    -0.20000     1.00000     0.30000    26    30.0
LO MagPE 30.000KE/1  Ex=1486.599eV WF=4.000eV Ck=XL Det=MCD Ent=6x12mm Exit=4mm
5833
6105
6437
7148
7929
9292
11029
13703
18227
24224
31654
39134
44351
45144
40068
31611
22147
14919
9965
7489
5997
5037
4266
4020
3690
3452
   579.00006   567.00006    -0.50000     1.00000     0.30000    25    30.0
LO MagPE 30.000KE/1  Ex=1486.599eV WF=4.000eV Ck=XL Det=MCD Ent=6x12mm Exit=4mm
7571
7717
7729
8086
8368
8784
9540
10206
11544
12900
14844
15762
15360
14188
12054
10390
9157
8053
7442
6882
6647
6287
6072
5946
5958
