Ag(111) limpa 3d e 3p
   371.00003   366.00003    -0.20000     1.00000     0.30000    26    30.0
LO MagPE 30.000KE/1  Ex=1486.599eV WF=4.000eV Ck=XL Det=MCD Ent=6x12mm Exit=4mm
4188
4393
4741
5173
5672
6626
7713
9865
12440
16755
21878
27329
30970
31787
28437
22213
15620
10233
6936
5261
4096
3558
3096
2788
2725
2621
   579.00006   567.00006    -0.50000     1.00000     0.30000    25    30.0
LO MagPE 30.000KE/1  Ex=1486.599eV WF=4.000eV Ck=XL Det=MCD Ent=6x12mm Exit=4mm
5365
5659
5628
5949
6061
6234
6613
7200
8022
9106
10243
10968
10954
9841
8385
7038
6233
5627
5115
4702
4487
4174
4111
4073
4089
