Ag(111) limpa 3d e 3p
   371.00003   366.00003    -0.20000     1.00000     0.30000    26    30.0
LO MagPE 30.000KE/1  Ex=1486.599eV WF=4.000eV Ck=XL Det=MCD Ent=6x12mm Exit=4mm
6110
6354
6850
7534
8351
9985
11857
14981
19867
26584
34143
41850
46926
46653
41349
31649
22057
14697
10282
7523
6035
5077
4481
4048
3743
3489
   579.00006   567.00006    -0.50000     1.00000     0.30000    25    30.0
LO MagPE 30.000KE/1  Ex=1486.599eV WF=4.000eV Ck=XL Det=MCD Ent=6x12mm Exit=4mm
7613
7819
8132
8164
8769
9009
9520
10576
11987
13444
15064
16480
15977
14226
12302
10662
9306
8413
7721
7135
6775
6553
6390
6250
6125
