Ag(111) limpa 3d e 3p
   371.00003   366.00003    -0.20000     1.00000     0.30000    26    30.0
LO MagPE 30.000KE/1  Ex=1486.599eV WF=4.000eV Ck=XL Det=MCD Ent=6x12mm Exit=4mm
4931
5169
5518
5977
6650
7619
9055
11384
14768
19403
25277
31375
35543
36033
32631
25791
17899
11915
8169
6079
4940
4174
3855
3296
3071
3100
   579.00006   567.00006    -0.50000     1.00000     0.30000    25    30.0
LO MagPE 30.000KE/1  Ex=1486.599eV WF=4.000eV Ck=XL Det=MCD Ent=6x12mm Exit=4mm
6799
7133
7255
7330
7484
8015
8330
9043
10292
11435
13068
13688
13530
12179
10543
9111
7841
7120
6503
5979
5831
5592
5434
5427
5226
