Ag(111) limpa 3d e 3p
   371.00003   366.00003    -0.20000     1.00000     0.30000    26    30.0
LO MagPE 30.000KE/1  Ex=1486.599eV WF=4.000eV Ck=XL Det=MCD Ent=6x12mm Exit=4mm
2059
2128
2273
2416
2699
3088
3639
4566
5786
7661
9995
12204
13598
14076
12473
9390
6803
4448
3065
2439
1945
1589
1530
1340
1272
1258
   579.00006   567.00006    -0.50000     1.00000     0.30000    25    30.0
LO MagPE 30.000KE/1  Ex=1486.599eV WF=4.000eV Ck=XL Det=MCD Ent=6x12mm Exit=4mm
2889
3022
3032
3145
3164
3402
3378
3804
4046
4596
4926
5149
5067
4465
3960
3508
3103
2782
2717
2470
2406
2307
2236
2293
2236
