Ag(111) limpa 3d e 3p
   371.00003   366.00003    -0.20000     1.00000     0.30000    26    30.0
LO MagPE 30.000KE/1  Ex=1486.599eV WF=4.000eV Ck=XL Det=MCD Ent=6x12mm Exit=4mm
4226
4522
4741
5114
5567
6276
7543
9430
12094
16034
20990
26138
30010
30995
27980
22080
15378
10268
7068
5314
4185
3587
3100
2819
2726
2599
   579.00006   567.00006    -0.50000     1.00000     0.30000    25    30.0
LO MagPE 30.000KE/1  Ex=1486.599eV WF=4.000eV Ck=XL Det=MCD Ent=6x12mm Exit=4mm
5655
5717
5817
6018
6155
6356
6741
7205
8012
9006
10006
10633
10613
9527
8388
7326
6404
5740
5126
4947
4774
4587
4435
4457
4291
