Ag(111) limpa 3d e 3p
   371.00003   366.00003    -0.20000     1.00000     0.30000    26    30.0
LO MagPE 30.000KE/1  Ex=1486.599eV WF=4.000eV Ck=XL Det=MCD Ent=6x12mm Exit=4mm
4088
4258
4423
4932
5526
6342
7412
8928
11775
15379
19715
24846
27694
28588
25521
20190
14155
9645
6653
4995
4052
3382
3044
2867
2683
2468
   579.00006   567.00006    -0.50000     1.00000     0.30000    25    30.0
LO MagPE 30.000KE/1  Ex=1486.599eV WF=4.000eV Ck=XL Det=MCD Ent=6x12mm Exit=4mm
5966
5997
6195
6355
6511
6946
7267
7457
8409
9334
10274
10904
10613
9813
8688
7528
6771
6319
5683
5422
5336
5134
4967
4879
4898
