Ag(111) limpa 3d e 3p
   371.00003   366.00003    -0.20000     1.00000     0.30000    26    30.0
LO MagPE 30.000KE/1  Ex=1486.599eV WF=4.000eV Ck=XL Det=MCD Ent=6x12mm Exit=4mm
6118
6571
7084
7836
8537
9996
11876
15208
19600
26204
34490
42321
48363
48945
43190
33838
23270
15450
10556
7836
6180
5249
4634
4194
3850
3749
   579.00006   567.00006    -0.50000     1.00000     0.30000    25    30.0
LO MagPE 30.000KE/1  Ex=1486.599eV WF=4.000eV Ck=XL Det=MCD Ent=6x12mm Exit=4mm
7378
7665
7868
8085
8502
8758
9430
10375
12026
13471
15293
16042
15950
14562
12289
10504
9093
7994
7381
6912
6516
6262
6033
5884
5756
