Ag(111) limpa 3d e 3p
   371.00003   366.00003    -0.20000     1.00000     0.30000    26    30.0
LO MagPE 30.000KE/1  Ex=1486.599eV WF=4.000eV Ck=XL Det=MCD Ent=6x12mm Exit=4mm
2294
2488
2657
2952
3320
3854
4836
6234
8226
10987
14433
17719
19779
19470
17292
13076
8901
5939
4090
2866
2286
2014
1667
1500
1382
1330
   579.00006   567.00006    -0.50000     1.00000     0.30000    25    30.0
LO MagPE 30.000KE/1  Ex=1486.599eV WF=4.000eV Ck=XL Det=MCD Ent=6x12mm Exit=4mm
2493
2666
2715
2915
3027
3096
3394
3887
4388
5089
5743
6193
6069
5470
4621
3788
3314
2879
2681
2433
2254
2177
2064
2003
2016
