Ag(111) limpa 3d e 3p
   371.00003   366.00003    -0.20000     1.00000     0.30000    26    30.0
LO MagPE 30.000KE/1  Ex=1486.599eV WF=4.000eV Ck=XL Det=MCD Ent=6x12mm Exit=4mm
5456
5530
6085
6593
7398
8373
10018
12768
16787
22093
28905
35725
40176
40705
36841
28721
20208
13330
9025
6796
5396
4659
4059
3645
3297
3191
   579.00006   567.00006    -0.50000     1.00000     0.30000    25    30.0
LO MagPE 30.000KE/1  Ex=1486.599eV WF=4.000eV Ck=XL Det=MCD Ent=6x12mm Exit=4mm
6994
7073
7335
7618
7727
7983
8457
9175
10367
11592
12941
14121
13633
12269
10750
9449
8202
7377
7050
6379
6030
5836
5635
5555
5559
