Ag(111) limpa 3d e 3p
   371.00003   366.00003    -0.20000     1.00000     0.30000    26    30.0
LO MagPE 30.000KE/1  Ex=1486.599eV WF=4.000eV Ck=XL Det=MCD Ent=6x12mm Exit=4mm
6404
6889
7252
7960
8817
10387
12453
15854
20882
27879
36415
44508
49515
50033
44113
34122
23681
15676
10721
8049
6443
5349
4750
4295
3824
3742
   579.00006   567.00006    -0.50000     1.00000     0.30000    25    30.0
LO MagPE 30.000KE/1  Ex=1486.599eV WF=4.000eV Ck=XL Det=MCD Ent=6x12mm Exit=4mm
7891
8020
8322
8440
8864
9371
9919
10891
12298
14074
15820
16972
16817
15124
12870
11086
9595
8354
7851
7063
6822
6472
6469
6179
6069
