Ag(111) limpa 3d e 3p
   371.00003   366.00003    -0.20000     1.00000     0.30000    26    30.0
LO MagPE 30.000KE/1  Ex=1486.599eV WF=4.000eV Ck=XL Det=MCD Ent=6x12mm Exit=4mm
2149
2292
2426
2699
3023
3468
4485
5920
7555
10207
13432
16776
18530
18495
16312
12558
8607
5640
3841
2794
2300
1783
1499
1410
1253
1189
   579.00006   567.00006    -0.50000     1.00000     0.30000    25    30.0
LO MagPE 30.000KE/1  Ex=1486.599eV WF=4.000eV Ck=XL Det=MCD Ent=6x12mm Exit=4mm
2560
2714
2778
2955
3045
3255
3427
3966
4398
5033
5861
6539
6343
5581
4630
3989
3320
2945
2654
2572
2258
2212
2185
2041
2013
