Ag(111) limpa 3d e 3p
   371.00003   366.00003    -0.20000     1.00000     0.30000    26    30.0
LO MagPE 30.000KE/1  Ex=1486.599eV WF=4.000eV Ck=XL Det=MCD Ent=6x12mm Exit=4mm
2085
2325
2431
2706
3091
3610
4453
5624
7682
10162
13237
16360
18179
18202
15850
12012
8628
5479
3762
2760
2222
1784
1604
1404
1334
1314
   579.00006   567.00006    -0.50000     1.00000     0.30000    25    30.0
LO MagPE 30.000KE/1  Ex=1486.599eV WF=4.000eV Ck=XL Det=MCD Ent=6x12mm Exit=4mm
2732
2777
2922
3046
3005
3209
3459
4002
4361
5100
5674
6250
6000
5436
4609
3770
3232
2955
2622
2520
2358
2320
2163
2167
2125
