Ag(111) limpa 3d e 3p
   371.00003   366.00003    -0.20000     1.00000     0.30000    26    30.0
LO MagPE 30.000KE/1  Ex=1486.599eV WF=4.000eV Ck=XL Det=MCD Ent=6x12mm Exit=4mm
1902
2080
2329
2447
2898
3262
4061
5191
6768
9264
12089
14705
16493
16217
14195
10982
7562
5144
3367
2476
1968
1685
1375
1306
1189
1122
   579.00006   567.00006    -0.50000     1.00000     0.30000    25    30.0
LO MagPE 30.000KE/1  Ex=1486.599eV WF=4.000eV Ck=XL Det=MCD Ent=6x12mm Exit=4mm
2525
2618
2616
2823
2986
3112
3296
3624
4018
4686
5196
5439
5480
4957
4183
3521
3129
2749
2587
2405
2169
2190
2091
2049
1964
