Ag(111) limpa 3d e 3p
   371.00003   366.00003    -0.20000     1.00000     0.30000    26    30.0
LO MagPE 30.000KE/1  Ex=1486.599eV WF=4.000eV Ck=XL Det=MCD Ent=6x12mm Exit=4mm
1789
1945
2114
2341
2599
2994
3767
4766
6228
8367
11008
13311
14883
14573
12759
9756
6914
4554
3157
2262
1801
1569
1314
1232
1067
1071
   579.00006   567.00006    -0.50000     1.00000     0.30000    25    30.0
LO MagPE 30.000KE/1  Ex=1486.599eV WF=4.000eV Ck=XL Det=MCD Ent=6x12mm Exit=4mm
2540
2619
2654
2846
2816
3028
3230
3433
4007
4566
5015
5546
5316
4806
4099
3506
2978
2723
2636
2350
2287
2185
2070
2100
1978
