Ag(111) limpa 3d e 3p
   371.00003   366.00003    -0.20000     1.00000     0.30000    26    30.0
LO MagPE 30.000KE/1  Ex=1486.599eV WF=4.000eV Ck=XL Det=MCD Ent=6x12mm Exit=4mm
4690
4929
5194
5646
6128
7175
8632
10444
13857
17976
23352
29037
33071
33471
30219
23655
16752
11238
7890
5858
4681
3799
3524
3163
2902
2720
   579.00006   567.00006    -0.50000     1.00000     0.30000    25    30.0
LO MagPE 30.000KE/1  Ex=1486.599eV WF=4.000eV Ck=XL Det=MCD Ent=6x12mm Exit=4mm
6497
6705
6901
7090
7050
7413
7822
8403
9356
10298
11311
12090
11948
10992
9929
8468
7426
6921
6328
6050
5662
5590
5525
5401
5518
