Ag(111) limpa 3d e 3p
   371.00003   366.00003    -0.20000     1.00000     0.30000    26    30.0
LO MagPE 30.000KE/1  Ex=1486.599eV WF=4.000eV Ck=XL Det=MCD Ent=6x12mm Exit=4mm
5246
5585
5993
6455
7199
8219
10086
12786
16700
22162
28473
35052
39278
39574
35014
27327
19208
12673
8803
6610
5300
4516
3825
3576
3397
3177
   579.00006   567.00006    -0.50000     1.00000     0.30000    25    30.0
LO MagPE 30.000KE/1  Ex=1486.599eV WF=4.000eV Ck=XL Det=MCD Ent=6x12mm Exit=4mm
7432
7741
7772
7811
8328
8728
9426
10058
11167
12731
14367
15349
14858
13536
11691
10030
8561
7901
7139
6627
6353
5959
5912
5821
5666
