Ag(111) limpa 3d e 3p
   371.00003   366.00003    -0.20000     1.00000     0.30000    26    30.0
LO MagPE 30.000KE/1  Ex=1486.599eV WF=4.000eV Ck=XL Det=MCD Ent=6x12mm Exit=4mm
1813
1805
1928
2195
2530
2863
3493
4400
5768
7783
9971
12469
13715
13607
11981
9249
6238
4251
2912
2137
1746
1375
1268
1137
1020
962
   579.00006   567.00006    -0.50000     1.00000     0.30000    25    30.0
LO MagPE 30.000KE/1  Ex=1486.599eV WF=4.000eV Ck=XL Det=MCD Ent=6x12mm Exit=4mm
2405
2413
2530
2716
2699
2806
3021
3256
3742
4248
4792
5211
5028
4620
3961
3378
2962
2682
2395
2308
2065
2031
2039
1950
1968
