Ag(111) limpa 3d e 3p
   371.00003   366.00003    -0.20000     1.00000     0.30000    26    30.0
LO MagPE 30.000KE/1  Ex=1486.599eV WF=4.000eV Ck=XL Det=MCD Ent=6x12mm Exit=4mm
6245
6679
7115
7813
8779
10227
12257
15310
20072
27075
35227
43826
49538
49972
44377
34383
24092
15760
10861
8072
6423
5441
4710
4202
3897
3818
   579.00006   567.00006    -0.50000     1.00000     0.30000    25    30.0
LO MagPE 30.000KE/1  Ex=1486.599eV WF=4.000eV Ck=XL Det=MCD Ent=6x12mm Exit=4mm
7714
7847
8084
8277
8756
9207
9910
10796
12065
13743
15819
16934
16715
14885
12912
10981
9568
8401
7804
7185
6766
6651
6436
6255
5908
