Ag(111) limpa 3d e 3p
   371.00003   366.00003    -0.20000     1.00000     0.30000    26    30.0
LO MagPE 30.000KE/1  Ex=1486.599eV WF=4.000eV Ck=XL Det=MCD Ent=6x12mm Exit=4mm
2100
2246
2320
2783
3144
3565
4475
5865
7816
10360
13478
16613
18404
18170
15662
12026
8312
5340
3778
2680
2117
1821
1524
1373
1266
1214
   579.00006   567.00006    -0.50000     1.00000     0.30000    25    30.0
LO MagPE 30.000KE/1  Ex=1486.599eV WF=4.000eV Ck=XL Det=MCD Ent=6x12mm Exit=4mm
2566
2585
2764
2814
2954
3179
3393
3672
4186
4791
5536
5855
5732
5207
4539
3729
3164
2808
2555
2329
2181
2114
1970
2029
1936
