Ag(111) limpa 3d e 3p
   371.00003   366.00003    -0.20000     1.00000     0.30000    26    30.0
LO MagPE 30.000KE/1  Ex=1486.599eV WF=4.000eV Ck=XL Det=MCD Ent=6x12mm Exit=4mm
7030
7536
8172
9008
9991
11831
14317
18136
24120
32457
42099
51864
58484
58500
51315
39945
27603
18319
12396
9277
7330
6074
5444
4699
4353
4262
   579.00006   567.00006    -0.50000     1.00000     0.30000    25    30.0
LO MagPE 30.000KE/1  Ex=1486.599eV WF=4.000eV Ck=XL Det=MCD Ent=6x12mm Exit=4mm
8076
8520
8445
9164
9551
9761
10686
11887
13671
15710
17929
19264
19148
17096
14450
12067
10309
9149
8217
7333
7041
6791
6518
6169
6366
