Ag(111) limpa 3d e 3p
   371.00003   366.00003    -0.20000     1.00000     0.30000    26    30.0
LO MagPE 30.000KE/1  Ex=1486.599eV WF=4.000eV Ck=XL Det=MCD Ent=6x12mm Exit=4mm
1810
1897
2101
2272
2585
3127
3756
4501
6106
7966
10675
13196
14835
14982
13222
10296
7057
4765
3333
2403
1879
1603
1353
1265
1145
1130
   579.00006   567.00006    -0.50000     1.00000     0.30000    25    30.0
LO MagPE 30.000KE/1  Ex=1486.599eV WF=4.000eV Ck=XL Det=MCD Ent=6x12mm Exit=4mm
2435
2578
2578
2697
2825
2943
3063
3392
3753
4353
4681
5211
5083
4653
3868
3416
2934
2585
2430
2266
2166
2021
2055
1956
2002
