Ag(111) limpa 3d e 3p
   371.00003   366.00003    -0.20000     1.00000     0.30000    26    30.0
LO MagPE 30.000KE/1  Ex=1486.599eV WF=4.000eV Ck=XL Det=MCD Ent=6x12mm Exit=4mm
1719
1799
1956
2166
2494
2879
3524
4547
6019
7826
10105
12425
13957
13797
12072
9188
6466
4187
2886
2197
1695
1480
1324
1129
1120
979
   579.00006   567.00006    -0.50000     1.00000     0.30000    25    30.0
LO MagPE 30.000KE/1  Ex=1486.599eV WF=4.000eV Ck=XL Det=MCD Ent=6x12mm Exit=4mm
2413
2514
2619
2602
2794
2959
3059
3255
3622
4258
4636
5049
4893
4517
3756
3295
2974
2682
2412
2240
2144
2051
2060
2025
1969
