Ag(111) limpa 3d e 3p
   371.00003   366.00003    -0.20000     1.00000     0.30000    26    30.0
LO MagPE 30.000KE/1  Ex=1486.599eV WF=4.000eV Ck=XL Det=MCD Ent=6x12mm Exit=4mm
4821
5126
5549
6075
6622
7705
9250
11583
15234
19576
25652
31534
35390
35818
31550
24745
17574
11608
8038
6017
4870
4182
3539
3294
3093
3014
   579.00006   567.00006    -0.50000     1.00000     0.30000    25    30.0
LO MagPE 30.000KE/1  Ex=1486.599eV WF=4.000eV Ck=XL Det=MCD Ent=6x12mm Exit=4mm
7222
7108
7575
7621
7866
8169
8600
9453
10530
11787
13312
14081
14175
12728
11187
9503
8379
7556
6968
6444
6162
6127
5758
5856
5689
