Ag(111) limpa 3d e 3p
   371.00003   366.00003    -0.20000     1.00000     0.30000    26    30.0
LO MagPE 30.000KE/1  Ex=1486.599eV WF=4.000eV Ck=XL Det=MCD Ent=6x12mm Exit=4mm
5634
6053
6262
7014
7929
8931
10650
13536
17436
23492
30716
38272
43429
44258
39820
31269
21840
14236
10004
7117
5602
4947
4053
3874
3562
3411
   579.00006   567.00006    -0.50000     1.00000     0.30000    25    30.0
LO MagPE 30.000KE/1  Ex=1486.599eV WF=4.000eV Ck=XL Det=MCD Ent=6x12mm Exit=4mm
6681
6879
7075
7108
7626
7925
8358
9176
10246
11756
13136
14026
13916
12664
10729
9305
8118
7056
6493
6107
5627
5526
5428
5254
5140
