Ag(111) limpa 3d e 3p
   371.00003   366.00003    -0.20000     1.00000     0.30000    26    30.0
LO MagPE 30.000KE/1  Ex=1486.599eV WF=4.000eV Ck=XL Det=MCD Ent=6x12mm Exit=4mm
2179
2319
2476
2742
3165
3591
4614
5722
7480
10097
13233
16459
18492
18617
16326
12809
8767
5880
3912
2900
2177
1847
1578
1354
1282
1227
   579.00006   567.00006    -0.50000     1.00000     0.30000    25    30.0
LO MagPE 30.000KE/1  Ex=1486.599eV WF=4.000eV Ck=XL Det=MCD Ent=6x12mm Exit=4mm
2430
2622
2648
2802
2993
3208
3386
3774
4308
4972
5724
6304
6100
5605
4635
3907
3259
2948
2536
2400
2289
2069
1952
2074
1907
