Ag(111) limpa 3d e 3p
   371.00003   366.00003    -0.20000     1.00000     0.30000    26    30.0
LO MagPE 30.000KE/1  Ex=1486.599eV WF=4.000eV Ck=XL Det=MCD Ent=6x12mm Exit=4mm
3432
3479
3687
3870
4358
4965
5786
7106
9337
12102
15903
19670
23184
23548
21336
16977
12135
7928
5489
4148
3385
2727
2425
2318
2177
2021
   579.00006   567.00006    -0.50000     1.00000     0.30000    25    30.0
LO MagPE 30.000KE/1  Ex=1486.599eV WF=4.000eV Ck=XL Det=MCD Ent=6x12mm Exit=4mm
4709
4666
4837
4983
5053
5287
5588
5978
6401
7245
7779
8157
8191
7502
6581
5707
4995
4511
4193
3964
3761
3680
3633
3575
3479
