Ag(111) limpa 3d e 3p
   371.00003   366.00003    -0.20000     1.00000     0.30000    26    30.0
LO MagPE 30.000KE/1  Ex=1486.599eV WF=4.000eV Ck=XL Det=MCD Ent=6x12mm Exit=4mm
5083
5393
5663
6210
6863
7945
9394
11903
15035
19850
26316
32471
36996
37448
33418
26360
18620
12469
8584
6383
4977
4286
3776
3518
3136
3151
   579.00006   567.00006    -0.50000     1.00000     0.30000    25    30.0
LO MagPE 30.000KE/1  Ex=1486.599eV WF=4.000eV Ck=XL Det=MCD Ent=6x12mm Exit=4mm
6740
7070
7045
7246
7715
7751
8349
8973
9943
11243
12713
13238
13207
11990
10324
9044
8085
7156
6549
6279
6033
5745
5468
5495
5400
