Ag(111) limpa 3d e 3p
   371.00003   366.00003    -0.20000     1.00000     0.30000    26    30.0
LO MagPE 30.000KE/1  Ex=1486.599eV WF=4.000eV Ck=XL Det=MCD Ent=6x12mm Exit=4mm
1843
1902
1985
2105
2447
2638
3092
3851
4915
6568
8625
10779
11822
11618
10051
7782
5283
3539
2525
2041
1629
1465
1334
1224
1163
1092
   579.00006   567.00006    -0.50000     1.00000     0.30000    25    30.0
LO MagPE 30.000KE/1  Ex=1486.599eV WF=4.000eV Ck=XL Det=MCD Ent=6x12mm Exit=4mm
2956
3083
3203
3276
3266
3471
3557
3742
4241
4472
4688
4343
4243
3838
3305
2921
2524
2340
2107
2151
2019
1948
1934
1887
1933
