Ag(111) limpa 3d e 3p
   371.00003   366.00003    -0.20000     1.00000     0.30000    26    30.0
LO MagPE 30.000KE/1  Ex=1486.599eV WF=4.000eV Ck=XL Det=MCD Ent=6x12mm Exit=4mm
1972
2024
2190
2342
2515
2844
3243
4137
5458
7052
9189
11578
12723
12828
11362
9186
6189
4304
3050
2283
1879
1565
1453
1358
1264
1164
   579.00006   567.00006    -0.50000     1.00000     0.30000    25    30.0
LO MagPE 30.000KE/1  Ex=1486.599eV WF=4.000eV Ck=XL Det=MCD Ent=6x12mm Exit=4mm
3081
3035
3131
3231
3285
3382
3399
3788
4127
4448
4866
5042
4903
4486
3894
3456
3155
2781
2637
2443
2414
2306
2242
2182
2275
