Ag(111) limpa 3d e 3p
   371.00003   366.00003    -0.20000     1.00000     0.30000    26    30.0
LO MagPE 30.000KE/1  Ex=1486.599eV WF=4.000eV Ck=XL Det=MCD Ent=6x12mm Exit=4mm
4830
5284
5395
5875
6516
7552
8904
11235
14579
19356
25180
31369
35236
36052
31979
24899
17502
11666
7914
6110
4869
3955
3635
3251
2986
2942
   579.00006   567.00006    -0.50000     1.00000     0.30000    25    30.0
LO MagPE 30.000KE/1  Ex=1486.599eV WF=4.000eV Ck=XL Det=MCD Ent=6x12mm Exit=4mm
6553
6601
6811
6905
7111
7473
7886
8604
9418
10499
11823
12496
12120
11225
9766
8539
7166
6616
6280
5851
5638
5256
5255
5110
5081
