Ag(111) limpa 3d e 3p
   371.00003   366.00003    -0.20000     1.00000     0.30000    26    30.0
LO MagPE 30.000KE/1  Ex=1486.599eV WF=4.000eV Ck=XL Det=MCD Ent=6x12mm Exit=4mm
1784
1858
2094
2181
2614
2910
3617
4565
5997
8031
10348
12622
14297
14558
12634
9675
6729
4471
3028
2261
1884
1548
1339
1216
1114
1027
   579.00006   567.00006    -0.50000     1.00000     0.30000    25    30.0
LO MagPE 30.000KE/1  Ex=1486.599eV WF=4.000eV Ck=XL Det=MCD Ent=6x12mm Exit=4mm
2551
2439
2579
2703
2768
2852
3093
3448
3873
4229
4726
5012
4994
4571
3867
3438
2981
2660
2323
2383
2141
2077
1984
2039
1981
