Ag(111) limpa 3d e 3p
   371.00003   366.00003    -0.20000     1.00000     0.30000    26    30.0
LO MagPE 30.000KE/1  Ex=1486.599eV WF=4.000eV Ck=XL Det=MCD Ent=6x12mm Exit=4mm
4951
5270
5526
6037
6805
7884
9533
11799
15310
20419
26617
32158
36501
36731
32695
25613
17973
12176
8301
6208
4946
4280
3712
3499
3186
2980
   579.00006   567.00006    -0.50000     1.00000     0.30000    25    30.0
LO MagPE 30.000KE/1  Ex=1486.599eV WF=4.000eV Ck=XL Det=MCD Ent=6x12mm Exit=4mm
6894
7227
7329
7535
7783
8153
8747
9474
10511
11827
13380
14216
14023
12700
11019
9316
8192
7376
6970
6374
6024
5802
5722
5580
5575
