Ag(111) limpa 3d e 3p
   371.00003   366.00003    -0.20000     1.00000     0.30000    26    30.0
LO MagPE 30.000KE/1  Ex=1486.599eV WF=4.000eV Ck=XL Det=MCD Ent=6x12mm Exit=4mm
5087
5172
5652
6194
6637
7925
9517
11884
15090
20149
26658
32503
36886
37263
33404
26041
18169
12224
8391
6262
5036
4283
3694
3439
3203
3136
   579.00006   567.00006    -0.50000     1.00000     0.30000    25    30.0
LO MagPE 30.000KE/1  Ex=1486.599eV WF=4.000eV Ck=XL Det=MCD Ent=6x12mm Exit=4mm
6813
6906
7215
7569
7586
7879
8400
9001
9947
11266
12403
13462
13175
11924
10405
9041
8216
7236
6824
6481
6223
5896
5836
5590
5556
