Ag(111) limpa 3d e 3p
   371.00003   366.00003    -0.20000     1.00000     0.30000    26    30.0
LO MagPE 30.000KE/1  Ex=1486.599eV WF=4.000eV Ck=XL Det=MCD Ent=6x12mm Exit=4mm
3838
4131
4342
4612
5120
6022
6863
8654
10967
14650
18963
23573
26863
27810
24787
19624
13909
9243
6481
4808
3897
3218
2878
2672
2348
2446
   579.00006   567.00006    -0.50000     1.00000     0.30000    25    30.0
LO MagPE 30.000KE/1  Ex=1486.599eV WF=4.000eV Ck=XL Det=MCD Ent=6x12mm Exit=4mm
5515
5733
5716
5917
6003
6245
6621
7224
7958
8696
9805
10261
10068
9182
7961
6865
6061
5555
5144
4837
4758
4398
4352
4278
4307
