Ag(111) limpa 3d e 3p
   371.00003   366.00003    -0.20000     1.00000     0.30000    26    30.0
LO MagPE 30.000KE/1  Ex=1486.599eV WF=4.000eV Ck=XL Det=MCD Ent=6x12mm Exit=4mm
5551
5748
6239
6654
7560
8780
10705
13400
17573
23109
30206
37151
41399
41787
36920
28462
19583
13134
9165
6802
5492
4630
3890
3561
3452
3219
   579.00006   567.00006    -0.50000     1.00000     0.30000    25    30.0
LO MagPE 30.000KE/1  Ex=1486.599eV WF=4.000eV Ck=XL Det=MCD Ent=6x12mm Exit=4mm
6700
6915
6959
7300
7608
8056
8390
9273
10096
11601
12925
13787
13868
12380
10793
9053
7917
7043
6552
5816
5766
5490
5378
5316
5285
