Ag(111) limpa 3d e 3p
   371.00003   366.00003    -0.20000     1.00000     0.30000    26    30.0
LO MagPE 30.000KE/1  Ex=1486.599eV WF=4.000eV Ck=XL Det=MCD Ent=6x12mm Exit=4mm
6969
7265
7809
8500
9889
11469
13971
17784
23517
31373
41123
50424
56119
56456
49713
38464
26395
17553
11893
8831
7081
5824
5127
4548
4265
4081
   579.00006   567.00006    -0.50000     1.00000     0.30000    25    30.0
LO MagPE 30.000KE/1  Ex=1486.599eV WF=4.000eV Ck=XL Det=MCD Ent=6x12mm Exit=4mm
8092
8368
8452
8794
9355
9741
10466
11597
13240
15350
17557
18495
18384
16574
14123
11978
10190
8913
8090
7452
7140
6623
6560
6406
6154
