Ag(111) limpa 3d e 3p
   371.00003   366.00003    -0.20000     1.00000     0.30000    26    30.0
LO MagPE 30.000KE/1  Ex=1486.599eV WF=4.000eV Ck=XL Det=MCD Ent=6x12mm Exit=4mm
2318
2626
2737
3187
3502
4248
5050
6553
8409
11367
15049
18513
20633
20785
18097
14075
9518
6361
4296
3253
2444
2086
1662
1621
1397
1343
   579.00006   567.00006    -0.50000     1.00000     0.30000    25    30.0
LO MagPE 30.000KE/1  Ex=1486.599eV WF=4.000eV Ck=XL Det=MCD Ent=6x12mm Exit=4mm
2678
2809
2915
2946
3177
3241
3619
4077
4713
5330
6160
6682
6560
5855
4969
4264
3562
3021
2682
2571
2383
2284
2077
2063
2045
