Ag(111) limpa 3d e 3p
   371.00003   366.00003    -0.20000     1.00000     0.30000    26    30.0
LO MagPE 30.000KE/1  Ex=1486.599eV WF=4.000eV Ck=XL Det=MCD Ent=6x12mm Exit=4mm
5694
6158
6477
7225
8119
9356
11592
14672
19131
25212
32890
40281
44940
45164
39852
30745
21025
13987
9711
7434
5680
4957
4437
3815
3684
3393
   579.00006   567.00006    -0.50000     1.00000     0.30000    25    30.0
LO MagPE 30.000KE/1  Ex=1486.599eV WF=4.000eV Ck=XL Det=MCD Ent=6x12mm Exit=4mm
7856
7858
8255
8636
8705
9192
9749
10631
11797
13471
15207
16159
15724
14403
12391
10725
9354
8252
7728
7383
6966
6674
6477
6279
6333
