Ag(111) limpa 3d e 3p
   371.00003   366.00003    -0.20000     1.00000     0.30000    26    30.0
LO MagPE 30.000KE/1  Ex=1486.599eV WF=4.000eV Ck=XL Det=MCD Ent=6x12mm Exit=4mm
3340
3579
3875
4054
4425
5129
5834
7343
9386
12292
16102
20468
23072
23332
21010
16362
11679
7514
5349
3993
3242
2768
2575
2299
2100
2056
   579.00006   567.00006    -0.50000     1.00000     0.30000    25    30.0
LO MagPE 30.000KE/1  Ex=1486.599eV WF=4.000eV Ck=XL Det=MCD Ent=6x12mm Exit=4mm
4902
4831
4917
4935
5271
5276
5649
5929
6656
7207
7827
8295
8420
7595
6534
5755
5118
4609
4319
4119
3963
3861
3747
3649
3700
