Ag(111) limpa 3d e 3p
   371.00003   366.00003    -0.20000     1.00000     0.30000    26    30.0
LO MagPE 30.000KE/1  Ex=1486.599eV WF=4.000eV Ck=XL Det=MCD Ent=6x12mm Exit=4mm
2112
2217
2376
2722
2994
3445
4390
5451
7190
9720
12700
15281
17669
17535
15544
12034
8333
5271
3623
2689
2138
1765
1573
1390
1237
1230
   579.00006   567.00006    -0.50000     1.00000     0.30000    25    30.0
LO MagPE 30.000KE/1  Ex=1486.599eV WF=4.000eV Ck=XL Det=MCD Ent=6x12mm Exit=4mm
2569
2634
2783
2827
2880
3208
3275
3772
4077
4635
5282
5609
5497
4999
4334
3664
3176
2774
2572
2502
2234
2147
2086
2063
2033
