Ag(111) limpa 3d e 3p
   371.00003   366.00003    -0.20000     1.00000     0.30000    26    30.0
LO MagPE 30.000KE/1  Ex=1486.599eV WF=4.000eV Ck=XL Det=MCD Ent=6x12mm Exit=4mm
5732
5937
6301
6823
7584
8864
10657
13229
17449
23052
30441
37672
42746
43803
38616
30625
21361
14076
9604
7064
5577
4520
4145
3690
3424
3308
   579.00006   567.00006    -0.50000     1.00000     0.30000    25    30.0
LO MagPE 30.000KE/1  Ex=1486.599eV WF=4.000eV Ck=XL Det=MCD Ent=6x12mm Exit=4mm
6455
6682
6798
7107
7468
7786
8216
9130
10323
11878
13347
14517
14169
12566
10858
9220
7874
6835
6338
5701
5395
5175
5004
4896
4908
