Ag(111) limpa 3d e 3p
   371.00003   366.00003    -0.20000     1.00000     0.30000    26    30.0
LO MagPE 30.000KE/1  Ex=1486.599eV WF=4.000eV Ck=XL Det=MCD Ent=6x12mm Exit=4mm
1591
1783
1814
1988
2189
2514
2893
3573
4575
5994
7865
9513
10955
10825
9405
7232
4999
3382
2422
1826
1533
1326
1248
1044
1066
1026
   579.00006   567.00006    -0.50000     1.00000     0.30000    25    30.0
LO MagPE 30.000KE/1  Ex=1486.599eV WF=4.000eV Ck=XL Det=MCD Ent=6x12mm Exit=4mm
2261
2403
2515
2557
2649
2658
2735
3032
3347
3572
3898
4061
3809
3495
3067
2622
2305
2162
2086
1901
1917
1831
1723
1735
1801
