Ag(111) limpa 3d e 3p
   371.00003   366.00003    -0.20000     1.00000     0.30000    26    30.0
LO MagPE 30.000KE/1  Ex=1486.599eV WF=4.000eV Ck=XL Det=MCD Ent=6x12mm Exit=4mm
1671
1765
1872
2168
2364
2833
3346
4372
5596
7714
9866
12171
13453
13400
11498
9157
6035
4105
2805
2109
1683
1361
1133
1094
1129
1076
   579.00006   567.00006    -0.50000     1.00000     0.30000    25    30.0
LO MagPE 30.000KE/1  Ex=1486.599eV WF=4.000eV Ck=XL Det=MCD Ent=6x12mm Exit=4mm
2330
2401
2603
2558
2723
2847
3138
3291
3636
4177
4470
5034
4905
4417
3819
3219
2819
2640
2372
2239
2151
2108
2065
2021
1851
