Ag(111) limpa 3d e 3p
   371.00003   366.00003    -0.20000     1.00000     0.30000    26    30.0
LO MagPE 30.000KE/1  Ex=1486.599eV WF=4.000eV Ck=XL Det=MCD Ent=6x12mm Exit=4mm
4406
4661
4696
5129
5765
6585
7966
10055
12903
16999
22255
27752
31298
32062
28684
22153
15292
10504
7066
5365
4209
3589
3231
2976
2816
2596
   579.00006   567.00006    -0.50000     1.00000     0.30000    25    30.0
LO MagPE 30.000KE/1  Ex=1486.599eV WF=4.000eV Ck=XL Det=MCD Ent=6x12mm Exit=4mm
5672
5886
6026
6248
6369
6628
7020
7515
8326
9283
10674
11064
11219
10025
8781
7422
6545
5811
5448
5050
4946
4675
4626
4416
4520
