Ag(111) limpa 3d e 3p
   371.00003   366.00003    -0.20000     1.00000     0.30000    26    30.0
LO MagPE 30.000KE/1  Ex=1486.599eV WF=4.000eV Ck=XL Det=MCD Ent=6x12mm Exit=4mm
5036
5169
5548
6037
6547
7685
9136
11439
14872
19540
25914
31978
36436
37121
33484
26224
18409
12344
8235
6325
5044
4296
3704
3475
3193
3137
   579.00006   567.00006    -0.50000     1.00000     0.30000    25    30.0
LO MagPE 30.000KE/1  Ex=1486.599eV WF=4.000eV Ck=XL Det=MCD Ent=6x12mm Exit=4mm
6647
6819
6885
7191
7522
7732
7973
8690
9623
10668
12162
12995
12829
11524
10150
8631
7566
7019
6328
6091
5764
5555
5426
5366
5177
