Ag(111) limpa 3d e 3p
   371.00003   366.00003    -0.20000     1.00000     0.30000    26    30.0
LO MagPE 30.000KE/1  Ex=1486.599eV WF=4.000eV Ck=XL Det=MCD Ent=6x12mm Exit=4mm
2208
2184
2322
2486
2846
3197
3750
4798
6237
8249
10899
13419
15005
15187
13280
10351
7100
4616
3315
2422
1989
1756
1580
1379
1334
1271
   579.00006   567.00006    -0.50000     1.00000     0.30000    25    30.0
LO MagPE 30.000KE/1  Ex=1486.599eV WF=4.000eV Ck=XL Det=MCD Ent=6x12mm Exit=4mm
2711
2927
2853
3019
3004
3155
3383
3617
4006
4458
4914
5036
5082
4372
3905
3353
2898
2588
2368
2266
2123
2074
2059
2010
1982
