Ag(111) limpa 3d e 3p
   371.00003   366.00003    -0.20000     1.00000     0.30000    26    30.0
LO MagPE 30.000KE/1  Ex=1486.599eV WF=4.000eV Ck=XL Det=MCD Ent=6x12mm Exit=4mm
1949
2033
2168
2485
2778
3341
3970
5211
6899
9265
11854
14773
16028
15908
14292
10769
7264
4897
3281
2414
1875
1706
1409
1204
1185
1102
   579.00006   567.00006    -0.50000     1.00000     0.30000    25    30.0
LO MagPE 30.000KE/1  Ex=1486.599eV WF=4.000eV Ck=XL Det=MCD Ent=6x12mm Exit=4mm
2420
2535
2679
2719
2934
2989
3258
3507
3939
4658
5323
5511
5620
4952
4156
3631
3183
2760
2489
2248
2206
2075
2035
1992
1920
