Ag(111) limpa 3d e 3p
   371.00003   366.00003    -0.20000     1.00000     0.30000    26    30.0
LO MagPE 30.000KE/1  Ex=1486.599eV WF=4.000eV Ck=XL Det=MCD Ent=6x12mm Exit=4mm
1892
2119
2249
2517
2714
3207
3908
4912
6620
8862
11476
14001
15690
15567
13763
10449
7325
4813
3311
2418
1875
1539
1390
1231
1115
1075
   579.00006   567.00006    -0.50000     1.00000     0.30000    25    30.0
LO MagPE 30.000KE/1  Ex=1486.599eV WF=4.000eV Ck=XL Det=MCD Ent=6x12mm Exit=4mm
2633
2569
2692
2839
3043
3124
3286
3605
4031
4725
5183
5611
5449
5028
4305
3638
3167
2734
2521
2444
2363
2098
2077
2015
2129
