Ag(111) limpa 3d e 3p
   371.00003   366.00003    -0.20000     1.00000     0.30000    26    30.0
LO MagPE 30.000KE/1  Ex=1486.599eV WF=4.000eV Ck=XL Det=MCD Ent=6x12mm Exit=4mm
5528
5794
6154
6626
7529
8530
10423
13010
16897
22558
29610
36561
41428
42509
37883
29742
20791
13744
9463
6992
5679
4665
4157
3773
3450
3345
   579.00006   567.00006    -0.50000     1.00000     0.30000    25    30.0
LO MagPE 30.000KE/1  Ex=1486.599eV WF=4.000eV Ck=XL Det=MCD Ent=6x12mm Exit=4mm
7492
7710
7619
8034
8376
8524
9094
9920
10785
12274
13843
14932
14487
13285
11617
10135
8720
7656
7214
6821
6484
6357
6228
6008
5957
