Ag(111) limpa 3d e 3p
   371.00003   366.00003    -0.20000     1.00000     0.30000    26    30.0
LO MagPE 30.000KE/1  Ex=1486.599eV WF=4.000eV Ck=XL Det=MCD Ent=6x12mm Exit=4mm
4491
4875
5075
5581
6293
7078
8319
10590
13603
17989
23533
28923
33279
34434
30721
24328
17350
11482
7771
5946
4629
3960
3502
3070
3013
2838
   579.00006   567.00006    -0.50000     1.00000     0.30000    25    30.0
LO MagPE 30.000KE/1  Ex=1486.599eV WF=4.000eV Ck=XL Det=MCD Ent=6x12mm Exit=4mm
6146
6301
6536
6633
6933
7129
7614
8137
9094
10367
11386
11957
12014
10942
9593
8158
7058
6496
5909
5547
5354
4966
4927
4867
4680
