Ag(111) limpa 3d e 3p
   371.00003   366.00003    -0.20000     1.00000     0.30000    26    30.0
LO MagPE 30.000KE/1  Ex=1486.599eV WF=4.000eV Ck=XL Det=MCD Ent=6x12mm Exit=4mm
2021
2091
2428
2638
2952
3387
4145
5445
7041
9375
12196
15131
17187
17258
14872
11624
8069
5393
3596
2711
2113
1735
1581
1429
1205
1140
   579.00006   567.00006    -0.50000     1.00000     0.30000    25    30.0
LO MagPE 30.000KE/1  Ex=1486.599eV WF=4.000eV Ck=XL Det=MCD Ent=6x12mm Exit=4mm
2611
2750
2695
2878
3023
3125
3350
3599
4231
4817
5413
5952
5572
5190
4478
3792
3099
2797
2615
2459
2309
2216
2008
2112
2047
