Ag(111) limpa 3d e 3p
   371.00003   366.00003    -0.20000     1.00000     0.30000    26    30.0
LO MagPE 30.000KE/1  Ex=1486.599eV WF=4.000eV Ck=XL Det=MCD Ent=6x12mm Exit=4mm
3714
3863
4076
4354
4826
5590
6452
7999
10401
13759
17578
21839
25223
25707
23597
18547
12786
8629
5984
4505
3582
3113
2794
2493
2335
2295
   579.00006   567.00006    -0.50000     1.00000     0.30000    25    30.0
LO MagPE 30.000KE/1  Ex=1486.599eV WF=4.000eV Ck=XL Det=MCD Ent=6x12mm Exit=4mm
4932
5158
5241
5455
5666
5832
6085
6715
7203
7744
8825
9252
8997
8318
7344
6387
5721
5099
4774
4554
4340
4268
4126
4046
3940
