Ag(111) limpa 3d e 3p
   371.00003   366.00003    -0.20000     1.00000     0.30000    26    30.0
LO MagPE 30.000KE/1  Ex=1486.599eV WF=4.000eV Ck=XL Det=MCD Ent=6x12mm Exit=4mm
2095
2136
2217
2451
2629
2919
3579
4377
5673
7527
9732
11927
13339
13484
11912
9282
6386
4427
3065
2390
1948
1644
1422
1365
1285
1280
   579.00006   567.00006    -0.50000     1.00000     0.30000    25    30.0
LO MagPE 30.000KE/1  Ex=1486.599eV WF=4.000eV Ck=XL Det=MCD Ent=6x12mm Exit=4mm
2953
2946
3037
3095
3064
3150
3411
3739
4009
4459
4732
4988
4822
4369
3816
3363
3026
2747
2598
2528
2466
2438
2295
2217
2183
