Ag(111) limpa 3d e 3p
   371.00003   366.00003    -0.20000     1.00000     0.30000    26    30.0
LO MagPE 30.000KE/1  Ex=1486.599eV WF=4.000eV Ck=XL Det=MCD Ent=6x12mm Exit=4mm
4925
5197
5630
6019
6715
7786
9121
11402
14752
19851
25933
32152
36622
37300
33565
26579
18474
12361
8402
6408
5038
4319
3746
3359
3248
3057
   579.00006   567.00006    -0.50000     1.00000     0.30000    25    30.0
LO MagPE 30.000KE/1  Ex=1486.599eV WF=4.000eV Ck=XL Det=MCD Ent=6x12mm Exit=4mm
6842
6847
7057
7184
7676
7664
8351
8884
9723
11015
12449
13238
12990
11757
10435
8743
7983
7194
6604
6157
5958
5817
5499
5436
5416
