Ag(111) limpa 3d e 3p
   371.00003   366.00003    -0.20000     1.00000     0.30000    26    30.0
LO MagPE 30.000KE/1  Ex=1486.599eV WF=4.000eV Ck=XL Det=MCD Ent=6x12mm Exit=4mm
6272
6541
7101
7578
8750
9986
11990
14987
19668
26796
34651
43390
49378
50266
45411
35740
24788
16457
11015
8185
6440
5473
4741
4391
3937
3632
   579.00006   567.00006    -0.50000     1.00000     0.30000    25    30.0
LO MagPE 30.000KE/1  Ex=1486.599eV WF=4.000eV Ck=XL Det=MCD Ent=6x12mm Exit=4mm
7796
7914
7976
8296
8770
9226
10045
11063
12625
14288
16401
17686
17501
15533
13325
11274
9536
8622
7592
7016
6700
6498
6263
5983
5915
