Ag(111) limpa 3d e 3p
   371.00003   366.00003    -0.20000     1.00000     0.30000    26    30.0
LO MagPE 30.000KE/1  Ex=1486.599eV WF=4.000eV Ck=XL Det=MCD Ent=6x12mm Exit=4mm
2132
2343
2551
2864
3178
3679
4490
5899
7645
10275
13637
16569
18871
18725
16301
12525
8652
5770
3816
2818
2183
1823
1556
1434
1360
1322
   579.00006   567.00006    -0.50000     1.00000     0.30000    25    30.0
LO MagPE 30.000KE/1  Ex=1486.599eV WF=4.000eV Ck=XL Det=MCD Ent=6x12mm Exit=4mm
2658
2637
2840
2792
3094
3262
3479
3859
4272
4948
5674
6065
6116
5361
4572
3820
3331
2848
2545
2451
2350
2119
2153
2108
2079
