Ag(111) limpa 3d e 3p
   371.00003   366.00003    -0.20000     1.00000     0.30000    26    30.0
LO MagPE 30.000KE/1  Ex=1486.599eV WF=4.000eV Ck=XL Det=MCD Ent=6x12mm Exit=4mm
1847
1815
1980
2155
2316
2684
3119
3856
4897
6502
8469
10464
12020
11942
10610
7941
5458
3833
2547
2101
1674
1517
1244
1183
1107
1026
   579.00006   567.00006    -0.50000     1.00000     0.30000    25    30.0
LO MagPE 30.000KE/1  Ex=1486.599eV WF=4.000eV Ck=XL Det=MCD Ent=6x12mm Exit=4mm
2544
2623
2830
2834
2902
3032
3114
3382
3677
4122
4353
4490
4438
3958
3543
2931
2640
2450
2334
2131
2162
2076
2030
1873
1895
