Ag(111) limpa 3d e 3p
   371.00003   366.00003    -0.20000     1.00000     0.30000    26    30.0
LO MagPE 30.000KE/1  Ex=1486.599eV WF=4.000eV Ck=XL Det=MCD Ent=6x12mm Exit=4mm
5301
5570
5972
6513
7526
8305
9875
12604
16477
21964
28489
34852
39489
39969
35531
27794
19558
12899
9032
6593
5360
4621
3993
3530
3272
3096
   579.00006   567.00006    -0.50000     1.00000     0.30000    25    30.0
LO MagPE 30.000KE/1  Ex=1486.599eV WF=4.000eV Ck=XL Det=MCD Ent=6x12mm Exit=4mm
7169
7393
7595
7859
8106
8549
9008
9942
10938
12529
14110
15033
14864
13498
11644
9957
8761
7727
7034
6653
6229
6164
5996
5989
5643
