Ag(111) limpa 3d e 3p
   371.00003   366.00003    -0.20000     1.00000     0.30000    26    30.0
LO MagPE 30.000KE/1  Ex=1486.599eV WF=4.000eV Ck=XL Det=MCD Ent=6x12mm Exit=4mm
5668
5927
6222
7000
7781
9206
11201
14035
18448
24425
31560
38314
43053
42493
37230
28848
20090
13355
9145
6948
5670
4657
4144
3871
3539
3373
   579.00006   567.00006    -0.50000     1.00000     0.30000    25    30.0
LO MagPE 30.000KE/1  Ex=1486.599eV WF=4.000eV Ck=XL Det=MCD Ent=6x12mm Exit=4mm
7418
7649
7775
8122
8377
8949
9284
10010
11449
12816
14564
15318
15343
13791
12020
10246
8882
7998
7360
6959
6782
6316
6213
6052
5993
