Ag(111) limpa 3d e 3p
   371.00003   366.00003    -0.20000     1.00000     0.30000    26    30.0
LO MagPE 30.000KE/1  Ex=1486.599eV WF=4.000eV Ck=XL Det=MCD Ent=6x12mm Exit=4mm
2056
2130
2301
2597
2918
3378
4184
5275
7158
9455
12291
14700
16544
16426
14657
11122
7612
5133
3462
2467
2030
1701
1407
1329
1264
1174
   579.00006   567.00006    -0.50000     1.00000     0.30000    25    30.0
LO MagPE 30.000KE/1  Ex=1486.599eV WF=4.000eV Ck=XL Det=MCD Ent=6x12mm Exit=4mm
2687
2760
2883
2891
3096
3253
3543
3903
4295
4999
5630
6000
5833
5206
4593
3920
3281
2960
2683
2424
2386
2273
2172
2212
2156
