Ag(111) limpa 3d e 3p
   371.00003   366.00003    -0.20000     1.00000     0.30000    26    30.0
LO MagPE 30.000KE/1  Ex=1486.599eV WF=4.000eV Ck=XL Det=MCD Ent=6x12mm Exit=4mm
4809
5095
5274
5609
6300
7260
8848
11125
14365
18819
25026
31126
35688
36516
32522
25552
17980
11798
8172
6093
4860
3986
3590
3262
3122
2895
   579.00006   567.00006    -0.50000     1.00000     0.30000    25    30.0
LO MagPE 30.000KE/1  Ex=1486.599eV WF=4.000eV Ck=XL Det=MCD Ent=6x12mm Exit=4mm
6427
6675
6794
7142
7242
7609
7908
8830
9920
10965
12434
13363
13226
11896
10184
8832
7872
6863
6186
5934
5607
5431
5220
5079
5108
