Ag(111) limpa 3d e 3p
   371.00003   366.00003    -0.20000     1.00000     0.30000    26    30.0
LO MagPE 30.000KE/1  Ex=1486.599eV WF=4.000eV Ck=XL Det=MCD Ent=6x12mm Exit=4mm
2131
2278
2473
2726
3050
3611
4392
5667
7355
10058
13134
15984
17968
17778
15252
11705
8196
5447
3654
2623
2195
1710
1504
1442
1347
1224
   579.00006   567.00006    -0.50000     1.00000     0.30000    25    30.0
LO MagPE 30.000KE/1  Ex=1486.599eV WF=4.000eV Ck=XL Det=MCD Ent=6x12mm Exit=4mm
2736
2953
2963
2953
3163
3403
3700
3909
4487
5235
5896
6275
6190
5447
4656
4010
3402
3024
2833
2590
2343
2330
2271
2187
2116
