Ag(111) limpa 3d e 3p
   371.00003   366.00003    -0.20000     1.00000     0.30000    26    30.0
LO MagPE 30.000KE/1  Ex=1486.599eV WF=4.000eV Ck=XL Det=MCD Ent=6x12mm Exit=4mm
2093
2312
2359
2636
2953
3603
4503
5653
7490
10050
13304
16126
17741
17208
14899
11452
7970
5134
3392
2705
2020
1725
1453
1349
1263
1206
   579.00006   567.00006    -0.50000     1.00000     0.30000    25    30.0
LO MagPE 30.000KE/1  Ex=1486.599eV WF=4.000eV Ck=XL Det=MCD Ent=6x12mm Exit=4mm
2633
2659
2787
2928
3002
3183
3413
3741
4330
4993
5689
6231
5993
5253
4384
3806
3303
2807
2600
2463
2384
2306
2124
2020
2037
