Ag(111) limpa 3d e 3p
   371.00003   366.00003    -0.20000     1.00000     0.30000    26    30.0
LO MagPE 30.000KE/1  Ex=1486.599eV WF=4.000eV Ck=XL Det=MCD Ent=6x12mm Exit=4mm
4235
4426
4675
5054
5477
6450
7534
9408
12024
15933
20864
25579
29347
29999
26749
21210
15218
10050
6936
5294
4142
3601
3226
2920
2731
2647
   579.00006   567.00006    -0.50000     1.00000     0.30000    25    30.0
LO MagPE 30.000KE/1  Ex=1486.599eV WF=4.000eV Ck=XL Det=MCD Ent=6x12mm Exit=4mm
6042
6120
6395
6504
6596
7112
7444
8054
8510
9645
10666
11321
10853
10177
8969
7591
7023
6224
5776
5546
5357
5073
5051
4938
4972
