Ag(111) limpa 3d e 3p
   371.00003   366.00003    -0.20000     1.00000     0.30000    26    30.0
LO MagPE 30.000KE/1  Ex=1486.599eV WF=4.000eV Ck=XL Det=MCD Ent=6x12mm Exit=4mm
6980
7375
8131
8779
9953
11874
14462
18410
24028
32332
41887
51754
57984
57539
50642
38345
26501
17699
12107
9071
7135
6070
5160
4688
4356
4194
   579.00006   567.00006    -0.50000     1.00000     0.30000    25    30.0
LO MagPE 30.000KE/1  Ex=1486.599eV WF=4.000eV Ck=XL Det=MCD Ent=6x12mm Exit=4mm
8517
8778
9168
9430
9780
10423
11294
12490
14343
16700
19046
20692
20209
18203
15280
12557
10600
9388
8336
7655
7106
6836
6693
6537
6129
