Ag(111) limpa 3d e 3p
   371.00003   366.00003    -0.20000     1.00000     0.30000    26    30.0
LO MagPE 30.000KE/1  Ex=1486.599eV WF=4.000eV Ck=XL Det=MCD Ent=6x12mm Exit=4mm
1948
2135
2250
2436
2862
3281
3961
5071
6750
8917
11735
14400
15854
15678
13613
10483
7107
4709
3326
2391
1860
1631
1423
1314
1134
1157
   579.00006   567.00006    -0.50000     1.00000     0.30000    25    30.0
LO MagPE 30.000KE/1  Ex=1486.599eV WF=4.000eV Ck=XL Det=MCD Ent=6x12mm Exit=4mm
2419
2531
2645
2586
2807
3030
3241
3393
3991
4447
5027
5474
5476
4767
4182
3451
2966
2650
2404
2280
2148
2105
2040
1916
1882
