Ag(111) limpa 3d e 3p
   371.00003   366.00003    -0.20000     1.00000     0.30000    26    30.0
LO MagPE 30.000KE/1  Ex=1486.599eV WF=4.000eV Ck=XL Det=MCD Ent=6x12mm Exit=4mm
5768
6064
6416
7024
7815
8930
10760
13757
17847
23710
30831
38080
43375
44186
39048
30635
21268
14287
9655
7351
5675
4900
4341
3879
3518
3435
   579.00006   567.00006    -0.50000     1.00000     0.30000    25    30.0
LO MagPE 30.000KE/1  Ex=1486.599eV WF=4.000eV Ck=XL Det=MCD Ent=6x12mm Exit=4mm
7317
7600
7718
8026
8432
8508
9393
10167
11179
12817
14209
15394
15208
13664
12006
9913
8789
7823
7194
6775
6547
6232
6033
5924
5725
