Ag(111) limpa 3d e 3p
   371.00003   366.00003    -0.20000     1.00000     0.30000    26    30.0
LO MagPE 30.000KE/1  Ex=1486.599eV WF=4.000eV Ck=XL Det=MCD Ent=6x12mm Exit=4mm
1918
2033
2281
2396
2790
3227
3971
5170
6977
9304
12065
14863
16582
16420
13964
10768
7442
4942
3397
2463
1913
1502
1414
1171
1137
1106
   579.00006   567.00006    -0.50000     1.00000     0.30000    25    30.0
LO MagPE 30.000KE/1  Ex=1486.599eV WF=4.000eV Ck=XL Det=MCD Ent=6x12mm Exit=4mm
2321
2365
2531
2557
2739
2859
3099
3457
3880
4518
5012
5496
5253
4860
4155
3431
2868
2713
2301
2156
2145
1954
1893
1803
1808
