Ag(111) limpa 3d e 3p
   371.00003   366.00003    -0.20000     1.00000     0.30000    26    30.0
LO MagPE 30.000KE/1  Ex=1486.599eV WF=4.000eV Ck=XL Det=MCD Ent=6x12mm Exit=4mm
2552
2599
2693
3072
3301
3734
4365
5527
6997
9174
12058
14701
17040
16896
15234
11773
8229
5437
3825
2944
2408
2076
1788
1703
1547
1503
   579.00006   567.00006    -0.50000     1.00000     0.30000    25    30.0
LO MagPE 30.000KE/1  Ex=1486.599eV WF=4.000eV Ck=XL Det=MCD Ent=6x12mm Exit=4mm
3540
3696
3853
3905
3970
4246
4278
4737
5166
5864
6088
6205
5913
5377
4639
4019
3656
3215
2993
2772
2723
2662
2591
2606
2496
