Ag(111) limpa 3d e 3p
   371.00003   366.00003    -0.20000     1.00000     0.30000    26    30.0
LO MagPE 30.000KE/1  Ex=1486.599eV WF=4.000eV Ck=XL Det=MCD Ent=6x12mm Exit=4mm
1749
1858
2042
2196
2395
2969
3548
4518
5927
7809
10121
12499
13752
14011
12552
9566
6547
4377
2946
2215
1770
1507
1305
1153
1045
1025
   579.00006   567.00006    -0.50000     1.00000     0.30000    25    30.0
LO MagPE 30.000KE/1  Ex=1486.599eV WF=4.000eV Ck=XL Det=MCD Ent=6x12mm Exit=4mm
2159
2386
2354
2374
2501
2648
2810
3141
3588
4009
4544
4969
4720
4251
3736
3182
2802
2430
2201
2183
1933
1912
1942
1837
1785
