Ag(111) limpa 3d e 3p
   371.00003   366.00003    -0.20000     1.00000     0.30000    26    30.0
LO MagPE 30.000KE/1  Ex=1486.599eV WF=4.000eV Ck=XL Det=MCD Ent=6x12mm Exit=4mm
1799
1850
2087
2273
2590
2911
3623
4618
6146
8302
10634
12954
14320
14290
12610
9613
6519
4404
2912
2229
1757
1480
1246
1117
1081
1030
   579.00006   567.00006    -0.50000     1.00000     0.30000    25    30.0
LO MagPE 30.000KE/1  Ex=1486.599eV WF=4.000eV Ck=XL Det=MCD Ent=6x12mm Exit=4mm
2411
2565
2595
2556
2781
2837
3102
3327
3756
4369
4868
5175
5146
4546
3946
3363
2950
2592
2430
2297
2155
2100
1966
2056
1952
