Ag(111) limpa 3d e 3p
   371.00003   366.00003    -0.20000     1.00000     0.30000    26    30.0
LO MagPE 30.000KE/1  Ex=1486.599eV WF=4.000eV Ck=XL Det=MCD Ent=6x12mm Exit=4mm
1826
1943
2103
2170
2310
2713
3183
3882
5103
6608
8394
10576
11844
12216
10914
8695
6209
4077
2844
2198
1715
1532
1353
1266
1196
1124
   579.00006   567.00006    -0.50000     1.00000     0.30000    25    30.0
LO MagPE 30.000KE/1  Ex=1486.599eV WF=4.000eV Ck=XL Det=MCD Ent=6x12mm Exit=4mm
2732
2951
3004
2985
3128
3210
3347
3643
3972
4265
4668
4830
4625
4315
3805
3286
2907
2626
2526
2384
2313
2276
2199
2106
2180
