Ag(111) limpa 3d e 3p
   371.00003   366.00003    -0.20000     1.00000     0.30000    26    30.0
LO MagPE 30.000KE/1  Ex=1486.599eV WF=4.000eV Ck=XL Det=MCD Ent=6x12mm Exit=4mm
1644
1839
1929
2113
2492
2841
3485
4310
6095
7809
10310
12657
14338
14333
12671
9864
6734
4454
2981
2289
1722
1438
1232
1189
1050
1024
   579.00006   567.00006    -0.50000     1.00000     0.30000    25    30.0
LO MagPE 30.000KE/1  Ex=1486.599eV WF=4.000eV Ck=XL Det=MCD Ent=6x12mm Exit=4mm
2210
2338
2527
2612
2617
2816
2847
3218
3572
4102
4596
4923
4840
4389
3797
3180
2788
2439
2308
2213
2037
1952
1900
1829
1806
