Ag(111) limpa 3d e 3p
   371.00003   366.00003    -0.20000     1.00000     0.30000    26    30.0
LO MagPE 30.000KE/1  Ex=1486.599eV WF=4.000eV Ck=XL Det=MCD Ent=6x12mm Exit=4mm
1801
1801
1960
2244
2394
2951
3492
4379
6000
8015
10301
12388
13930
13563
11817
9096
6346
4202
2799
2116
1745
1424
1252
1121
1041
1000
   579.00006   567.00006    -0.50000     1.00000     0.30000    25    30.0
LO MagPE 30.000KE/1  Ex=1486.599eV WF=4.000eV Ck=XL Det=MCD Ent=6x12mm Exit=4mm
2498
2584
2635
2620
2705
2871
3042
3419
3649
4177
4712
5021
4905
4477
3871
3318
2902
2623
2410
2261
2228
2123
2042
2083
1966
