Ag(111) limpa 3d e 3p
   371.00003   366.00003    -0.20000     1.00000     0.30000    26    30.0
LO MagPE 30.000KE/1  Ex=1486.599eV WF=4.000eV Ck=XL Det=MCD Ent=6x12mm Exit=4mm
3572
3550
3848
4075
4440
5134
5787
7262
9316
12071
15998
20097
22935
23561
21511
17184
12311
8261
5734
4282
3378
2943
2643
2344
2203
2120
   579.00006   567.00006    -0.50000     1.00000     0.30000    25    30.0
LO MagPE 30.000KE/1  Ex=1486.599eV WF=4.000eV Ck=XL Det=MCD Ent=6x12mm Exit=4mm
5047
5255
5390
5389
5812
5797
6077
6586
7197
8186
8734
8969
8961
8271
7170
6279
5549
5024
4607
4416
4107
4054
3969
4011
3862
