Ag(111) limpa 3d e 3p
   371.00003   366.00003    -0.20000     1.00000     0.30000    26    30.0
LO MagPE 30.000KE/1  Ex=1486.599eV WF=4.000eV Ck=XL Det=MCD Ent=6x12mm Exit=4mm
5508
5885
6230
6834
7540
8938
10903
13640
17455
23380
30454
37105
42221
42794
37630
29549
20624
13691
9331
6856
5668
4705
4183
3789
3479
3354
   579.00006   567.00006    -0.50000     1.00000     0.30000    25    30.0
LO MagPE 30.000KE/1  Ex=1486.599eV WF=4.000eV Ck=XL Det=MCD Ent=6x12mm Exit=4mm
7237
7516
7573
7826
8231
8589
9209
9980
11162
12902
14492
15399
15098
13690
11846
9775
8780
7798
7016
6673
6262
6087
5877
5762
5672
