Ag(111) limpa 3d e 3p
   371.00003   366.00003    -0.20000     1.00000     0.30000    26    30.0
LO MagPE 30.000KE/1  Ex=1486.599eV WF=4.000eV Ck=XL Det=MCD Ent=6x12mm Exit=4mm
4240
4412
4559
5000
5577
6287
7424
9040
11883
15669
20513
25498
29051
29521
26789
21331
14755
9885
6725
5206
4145
3490
3168
2646
2604
2491
   579.00006   567.00006    -0.50000     1.00000     0.30000    25    30.0
LO MagPE 30.000KE/1  Ex=1486.599eV WF=4.000eV Ck=XL Det=MCD Ent=6x12mm Exit=4mm
5990
5848
6072
6293
6540
6555
6987
7471
8337
9161
10335
11023
10827
10026
8797
7531
6533
5904
5527
5233
4917
4755
4586
4566
4454
