Ag(111) limpa 3d e 3p
   371.00003   366.00003    -0.20000     1.00000     0.30000    26    30.0
LO MagPE 30.000KE/1  Ex=1486.599eV WF=4.000eV Ck=XL Det=MCD Ent=6x12mm Exit=4mm
4947
5241
5634
5861
6738
7658
9046
11398
14545
19384
25628
31829
36033
36690
33389
26523
18880
12097
8398
6234
5010
4213
3721
3431
3250
2942
   579.00006   567.00006    -0.50000     1.00000     0.30000    25    30.0
LO MagPE 30.000KE/1  Ex=1486.599eV WF=4.000eV Ck=XL Det=MCD Ent=6x12mm Exit=4mm
6553
6479
6821
7077
7265
7702
8046
8862
9667
10930
12240
13034
13047
11981
10213
8848
7676
6797
6446
5895
5711
5442
5233
5144
5243
