Ag(111) limpa 3d e 3p
   371.00003   366.00003    -0.20000     1.00000     0.30000    26    30.0
LO MagPE 30.000KE/1  Ex=1486.599eV WF=4.000eV Ck=XL Det=MCD Ent=6x12mm Exit=4mm
6426
6669
7198
7669
8818
10144
12298
15398
20313
26834
35285
43642
49817
50620
45372
35767
24625
16334
11141
8209
6556
5373
4698
4194
3962
3765
   579.00006   567.00006    -0.50000     1.00000     0.30000    25    30.0
LO MagPE 30.000KE/1  Ex=1486.599eV WF=4.000eV Ck=XL Det=MCD Ent=6x12mm Exit=4mm
7758
8102
8246
8643
8983
9457
10030
11335
12683
14433
16714
17979
17675
15905
13617
11395
9532
8590
7695
7063
6659
6387
6269
5955
6013
