Ag(111) limpa 3d e 3p
   371.00003   366.00003    -0.20000     1.00000     0.30000    26    30.0
LO MagPE 30.000KE/1  Ex=1486.599eV WF=4.000eV Ck=XL Det=MCD Ent=6x12mm Exit=4mm
3701
3804
4078
4336
4776
5686
6544
8118
10715
14037
18600
22398
25457
25492
22597
17585
12271
8243
5786
4495
3462
2946
2680
2423
2259
2204
   579.00006   567.00006    -0.50000     1.00000     0.30000    25    30.0
LO MagPE 30.000KE/1  Ex=1486.599eV WF=4.000eV Ck=XL Det=MCD Ent=6x12mm Exit=4mm
5250
5355
5371
5629
5661
5906
6104
6691
7322
8198
8953
9572
9215
8557
7516
6488
5731
5185
4736
4581
4217
4231
4176
4102
3894
