Ag(111) limpa 3d e 3p
   371.00003   366.00003    -0.20000     1.00000     0.30000    26    30.0
LO MagPE 30.000KE/1  Ex=1486.599eV WF=4.000eV Ck=XL Det=MCD Ent=6x12mm Exit=4mm
4290
4623
4968
5378
6048
6926
8126
10109
13291
17538
22923
28336
32546
32825
28983
22544
15591
10460
7219
5432
4361
3583
3158
2990
2826
2653
   579.00006   567.00006    -0.50000     1.00000     0.30000    25    30.0
LO MagPE 30.000KE/1  Ex=1486.599eV WF=4.000eV Ck=XL Det=MCD Ent=6x12mm Exit=4mm
5610
5521
5688
5924
6080
6524
6801
7429
8324
9115
10269
11246
10912
9825
8609
7176
6300
5513
5082
4824
4546
4463
4290
4077
4083
