Ag(111) limpa 3d e 3p
   371.00003   366.00003    -0.20000     1.00000     0.30000    26    30.0
LO MagPE 30.000KE/1  Ex=1486.599eV WF=4.000eV Ck=XL Det=MCD Ent=6x12mm Exit=4mm
6028
6377
7021
7451
8450
9674
11676
14773
19453
25788
33994
41686
47564
48401
42936
33510
23349
15481
10734
7820
6117
5233
4575
4097
3750
3732
   579.00006   567.00006    -0.50000     1.00000     0.30000    25    30.0
LO MagPE 30.000KE/1  Ex=1486.599eV WF=4.000eV Ck=XL Det=MCD Ent=6x12mm Exit=4mm
7519
7643
7871
8183
8509
8859
9297
10131
11687
12900
14644
15553
15536
13843
12203
10297
9041
8126
7479
7008
6629
6390
6280
6128
5967
