Ag(111) limpa 3d e 3p
   371.00003   366.00003    -0.20000     1.00000     0.30000    26    30.0
LO MagPE 30.000KE/1  Ex=1486.599eV WF=4.000eV Ck=XL Det=MCD Ent=6x12mm Exit=4mm
7108
7478
8084
8805
10094
11862
14563
18114
24042
32107
41496
51842
58205
58207
51421
39582
27509
18064
12438
9093
7136
6005
5340
4673
4375
4256
   579.00006   567.00006    -0.50000     1.00000     0.30000    25    30.0
LO MagPE 30.000KE/1  Ex=1486.599eV WF=4.000eV Ck=XL Det=MCD Ent=6x12mm Exit=4mm
8352
8853
9089
9377
9723
10588
11159
12312
13864
16335
18453
19995
19522
17385
14739
12479
10674
9181
8156
7657
7184
6871
6836
6393
6246
