Ag(111) limpa 3d e 3p
   371.00003   366.00003    -0.20000     1.00000     0.30000    26    30.0
LO MagPE 30.000KE/1  Ex=1486.599eV WF=4.000eV Ck=XL Det=MCD Ent=6x12mm Exit=4mm
2004
1975
2260
2461
2823
3356
3983
5054
6798
9177
11803
14326
16196
15981
14082
10775
7336
4871
3349
2394
1923
1595
1434
1273
1195
1138
   579.00006   567.00006    -0.50000     1.00000     0.30000    25    30.0
LO MagPE 30.000KE/1  Ex=1486.599eV WF=4.000eV Ck=XL Det=MCD Ent=6x12mm Exit=4mm
2561
2736
2754
2890
2968
3038
3402
3640
4072
4813
5386
5686
5686
5130
4334
3684
3119
2829
2622
2370
2263
2237
2141
2099
2104
