Ag(111) limpa 3d e 3p
   371.00003   366.00003    -0.20000     1.00000     0.30000    26    30.0
LO MagPE 30.000KE/1  Ex=1486.599eV WF=4.000eV Ck=XL Det=MCD Ent=6x12mm Exit=4mm
2102
2280
2415
2695
3029
3669
4378
5704
7416
10069
13190
16012
17822
17472
15137
11803
7903
5251
3574
2697
2032
1774
1606
1434
1336
1232
   579.00006   567.00006    -0.50000     1.00000     0.30000    25    30.0
LO MagPE 30.000KE/1  Ex=1486.599eV WF=4.000eV Ck=XL Det=MCD Ent=6x12mm Exit=4mm
2891
2934
2820
3088
3176
3293
3558
4029
4355
5116
5765
6365
6136
5448
4691
4005
3346
3035
2655
2471
2402
2345
2227
2140
2073
