Ag(111) limpa 3d e 3p
   371.00003   366.00003    -0.20000     1.00000     0.30000    26    30.0
LO MagPE 30.000KE/1  Ex=1486.599eV WF=4.000eV Ck=XL Det=MCD Ent=6x12mm Exit=4mm
4779
5006
5335
5694
6292
7474
8595
10724
13895
18302
24481
29331
33641
34528
30691
24632
17120
11487
7937
6035
4785
4083
3700
3225
3062
2818
   579.00006   567.00006    -0.50000     1.00000     0.30000    25    30.0
LO MagPE 30.000KE/1  Ex=1486.599eV WF=4.000eV Ck=XL Det=MCD Ent=6x12mm Exit=4mm
6423
6620
6744
6920
7137
7439
7907
8225
9194
10227
11319
11966
11887
10902
9547
8297
7407
6632
6142
5852
5707
5536
5318
5204
5216
