Ag(111) limpa 3d e 3p
   371.00003   366.00003    -0.20000     1.00000     0.30000    26    30.0
LO MagPE 30.000KE/1  Ex=1486.599eV WF=4.000eV Ck=XL Det=MCD Ent=6x12mm Exit=4mm
1712
1727
1832
1990
2194
2426
2762
3532
4424
5986
7654
9371
10637
10614
9462
7347
4987
3424
2464
1857
1509
1370
1249
1140
1046
970
   579.00006   567.00006    -0.50000     1.00000     0.30000    25    30.0
LO MagPE 30.000KE/1  Ex=1486.599eV WF=4.000eV Ck=XL Det=MCD Ent=6x12mm Exit=4mm
2468
2560
2567
2575
2755
2739
2927
3155
3394
3860
3966
4018
4018
3601
3242
2859
2546
2341
2207
2103
2055
1965
1997
1989
1942
