Ag(111) limpa 3d e 3p
   371.00003   366.00003    -0.20000     1.00000     0.30000    26    30.0
LO MagPE 30.000KE/1  Ex=1486.599eV WF=4.000eV Ck=XL Det=MCD Ent=6x12mm Exit=4mm
3699
3756
4066
4374
4884
5476
6520
7835
10214
13546
17668
22271
25435
26219
23610
18892
13312
8694
6135
4641
3587
3031
2699
2603
2279
2277
   579.00006   567.00006    -0.50000     1.00000     0.30000    25    30.0
LO MagPE 30.000KE/1  Ex=1486.599eV WF=4.000eV Ck=XL Det=MCD Ent=6x12mm Exit=4mm
5017
5270
5338
5493
5720
5731
5991
6573
7292
7846
9016
9540
9178
8364
7393
6508
5691
5002
4711
4502
4343
4165
4122
3906
3843
