Ag(111) limpa 3d e 3p
   371.00003   366.00003    -0.20000     1.00000     0.30000    26    30.0
LO MagPE 30.000KE/1  Ex=1486.599eV WF=4.000eV Ck=XL Det=MCD Ent=6x12mm Exit=4mm
5871
6285
6468
7251
7968
9324
11097
14139
18355
24473
32101
39515
44795
45994
41150
32208
22496
14648
10176
7464
5947
4921
4365
3984
3864
3478
   579.00006   567.00006    -0.50000     1.00000     0.30000    25    30.0
LO MagPE 30.000KE/1  Ex=1486.599eV WF=4.000eV Ck=XL Det=MCD Ent=6x12mm Exit=4mm
7665
7773
8088
8298
8360
8890
9494
10173
11711
13401
14971
15909
15789
13970
12168
10424
9083
8029
7528
6933
6418
6379
6095
5956
5844
