Ag(111) limpa 3d e 3p
   371.00003   366.00003    -0.20000     1.00000     0.30000    26    30.0
LO MagPE 30.000KE/1  Ex=1486.599eV WF=4.000eV Ck=XL Det=MCD Ent=6x12mm Exit=4mm
2163
2356
2530
2741
3125
3737
4563
5538
7778
10281
13644
16810
18930
19267
16861
13068
8974
5978
3924
2846
2308
1864
1641
1471
1303
1315
   579.00006   567.00006    -0.50000     1.00000     0.30000    25    30.0
LO MagPE 30.000KE/1  Ex=1486.599eV WF=4.000eV Ck=XL Det=MCD Ent=6x12mm Exit=4mm
2595
2636
2775
2790
2996
3264
3421
3825
4495
5094
5812
6319
6275
5625
4784
3947
3387
2825
2608
2465
2219
2067
2087
2028
1897
