Ag(111) limpa 3d e 3p
   371.00003   366.00003    -0.20000     1.00000     0.30000    26    30.0
LO MagPE 30.000KE/1  Ex=1486.599eV WF=4.000eV Ck=XL Det=MCD Ent=6x12mm Exit=4mm
6154
6363
6854
7652
8604
9815
11887
15005
19644
26504
34590
42410
48077
48811
43185
33883
23464
15527
10567
8028
6121
5427
4525
4107
3805
3702
   579.00006   567.00006    -0.50000     1.00000     0.30000    25    30.0
LO MagPE 30.000KE/1  Ex=1486.599eV WF=4.000eV Ck=XL Det=MCD Ent=6x12mm Exit=4mm
7491
7876
7848
8407
8589
8875
9509
10357
11738
13593
15157
16102
15972
14381
12593
10674
8974
8348
7605
7096
6787
6362
6254
6262
5908
