Ag(111) limpa 3d e 3p
   371.00003   366.00003    -0.20000     1.00000     0.30000    26    30.0
LO MagPE 30.000KE/1  Ex=1486.599eV WF=4.000eV Ck=XL Det=MCD Ent=6x12mm Exit=4mm
4197
4415
4613
4891
5519
6361
7612
9561
12356
16382
21393
26554
30167
31016
27385
21266
14335
9510
6697
5006
3927
3378
2924
2667
2517
2389
   579.00006   567.00006    -0.50000     1.00000     0.30000    25    30.0
LO MagPE 30.000KE/1  Ex=1486.599eV WF=4.000eV Ck=XL Det=MCD Ent=6x12mm Exit=4mm
5119
5317
5539
5566
5768
6036
6504
7025
7810
8918
9742
10384
10189
9141
7979
6670
5764
5170
4750
4450
4231
3985
3892
3845
3831
