Ag(111) limpa 3d e 3p
   371.00003   366.00003    -0.20000     1.00000     0.30000    26    30.0
LO MagPE 30.000KE/1  Ex=1486.599eV WF=4.000eV Ck=XL Det=MCD Ent=6x12mm Exit=4mm
6079
6322
6608
7342
8325
9586
11444
14530
19050
25564
33220
40582
46089
46307
41488
32419
22509
14843
10262
7661
6005
5070
4445
3929
3771
3611
   579.00006   567.00006    -0.50000     1.00000     0.30000    25    30.0
LO MagPE 30.000KE/1  Ex=1486.599eV WF=4.000eV Ck=XL Det=MCD Ent=6x12mm Exit=4mm
7583
7730
7919
8217
8327
8773
9340
10294
11128
12963
14676
15254
15425
13983
12128
10215
8928
7922
7385
6962
6570
6452
6188
5923
5943
