Ag(111) limpa 3d e 3p
   371.00003   366.00003    -0.20000     1.00000     0.30000    26    30.0
LO MagPE 30.000KE/1  Ex=1486.599eV WF=4.000eV Ck=XL Det=MCD Ent=6x12mm Exit=4mm
4797
4937
5367
5861
6605
7506
9027
11617
14860
19632
25513
30680
35068
35016
30930
24311
17233
11478
7907
5958
4870
4100
3583
3277
3102
3006
   579.00006   567.00006    -0.50000     1.00000     0.30000    25    30.0
LO MagPE 30.000KE/1  Ex=1486.599eV WF=4.000eV Ck=XL Det=MCD Ent=6x12mm Exit=4mm
6925
7035
7271
7647
7691
8105
8578
9517
10137
11534
12960
13588
13199
12228
10576
9114
8232
7357
6756
6429
6171
6012
5884
5704
5638
