Ag(111) limpa 3d e 3p
   371.00003   366.00003    -0.20000     1.00000     0.30000    26    30.0
LO MagPE 30.000KE/1  Ex=1486.599eV WF=4.000eV Ck=XL Det=MCD Ent=6x12mm Exit=4mm
3784
3916
4172
4513
5036
5575
6623
8484
10606
14358
18418
22851
26092
26186
23396
18261
12952
8514
5822
4409
3593
3166
2858
2592
2340
2261
   579.00006   567.00006    -0.50000     1.00000     0.30000    25    30.0
LO MagPE 30.000KE/1  Ex=1486.599eV WF=4.000eV Ck=XL Det=MCD Ent=6x12mm Exit=4mm
5321
5342
5445
5696
5751
6069
6434
7033
7724
8589
9654
10228
10033
9066
7855
6610
5846
5433
4891
4697
4362
4235
4219
4049
3974
