Ag(111) limpa 3d e 3p
   371.00003   366.00003    -0.20000     1.00000     0.30000    26    30.0
LO MagPE 30.000KE/1  Ex=1486.599eV WF=4.000eV Ck=XL Det=MCD Ent=6x12mm Exit=4mm
6586
6848
7575
8340
9154
10844
13012
16530
21288
29006
37801
46828
52776
53216
47114
36483
25046
16699
11528
8529
6629
5632
4870
4378
4053
4026
   579.00006   567.00006    -0.50000     1.00000     0.30000    25    30.0
LO MagPE 30.000KE/1  Ex=1486.599eV WF=4.000eV Ck=XL Det=MCD Ent=6x12mm Exit=4mm
8009
8282
8506
9032
9337
9627
10118
11292
12883
14900
16633
17993
17603
15780
13570
11369
9955
8573
7968
7278
7043
6817
6553
6449
6111
