Ag(111) limpa 3d e 3p
   371.00003   366.00003    -0.20000     1.00000     0.30000    26    30.0
LO MagPE 30.000KE/1  Ex=1486.599eV WF=4.000eV Ck=XL Det=MCD Ent=6x12mm Exit=4mm
4996
5395
5595
6240
6944
7995
9349
11988
15492
20832
27218
33749
38529
38372
34687
26593
18176
12320
8311
6391
5017
4196
3760
3334
3256
2962
   579.00006   567.00006    -0.50000     1.00000     0.30000    25    30.0
LO MagPE 30.000KE/1  Ex=1486.599eV WF=4.000eV Ck=XL Det=MCD Ent=6x12mm Exit=4mm
6393
6410
6758
6857
7133
7372
7866
8437
9763
10564
12242
12978
12797
11488
9893
8427
7294
6543
6112
5791
5400
5099
5115
4903
4833
