Ag(111) limpa 3d e 3p
   371.00003   366.00003    -0.20000     1.00000     0.30000    26    30.0
LO MagPE 30.000KE/1  Ex=1486.599eV WF=4.000eV Ck=XL Det=MCD Ent=6x12mm Exit=4mm
1693
1840
2004
2131
2370
2890
3601
4531
5853
7993
10201
12317
13883
13454
11997
9230
6423
4140
2744
2194
1680
1520
1178
1137
1017
1027
   579.00006   567.00006    -0.50000     1.00000     0.30000    25    30.0
LO MagPE 30.000KE/1  Ex=1486.599eV WF=4.000eV Ck=XL Det=MCD Ent=6x12mm Exit=4mm
2418
2463
2440
2602
2649
2791
2949
3290
3645
4269
4824
5149
5000
4536
3863
3342
2891
2585
2359
2190
2104
2038
1986
1862
1942
