Ag(111) limpa 3d e 3p
   371.00003   366.00003    -0.20000     1.00000     0.30000    26    30.0
LO MagPE 30.000KE/1  Ex=1486.599eV WF=4.000eV Ck=XL Det=MCD Ent=6x12mm Exit=4mm
4983
5402
5713
6059
6977
8027
9548
11850
15359
20458
26463
33156
37578
38485
34082
26701
18678
12454
8659
6339
5163
4224
3831
3391
3126
3074
   579.00006   567.00006    -0.50000     1.00000     0.30000    25    30.0
LO MagPE 30.000KE/1  Ex=1486.599eV WF=4.000eV Ck=XL Det=MCD Ent=6x12mm Exit=4mm
6399
6576
6547
6975
7078
7506
8008
8532
9594
10795
12097
13057
12978
11650
10069
8432
7395
6543
6112
5475
5529
5307
5019
5010
4825
