Ag(111) limpa 3d e 3p
   371.00003   366.00003    -0.20000     1.00000     0.30000    26    30.0
LO MagPE 30.000KE/1  Ex=1486.599eV WF=4.000eV Ck=XL Det=MCD Ent=6x12mm Exit=4mm
2266
2468
2668
2893
3208
3884
4728
6130
8077
10685
13929
17083
19307
19368
17006
13140
8973
5845
4044
2953
2316
1881
1683
1453
1445
1294
   579.00006   567.00006    -0.50000     1.00000     0.30000    25    30.0
LO MagPE 30.000KE/1  Ex=1486.599eV WF=4.000eV Ck=XL Det=MCD Ent=6x12mm Exit=4mm
2624
2747
2888
2920
3104
3292
3579
3870
4456
5227
5987
6374
6394
5523
4781
3983
3321
3000
2540
2491
2227
2228
2098
2088
2025
