Ag(111) limpa 3d e 3p
   371.00003   366.00003    -0.20000     1.00000     0.30000    26    30.0
LO MagPE 30.000KE/1  Ex=1486.599eV WF=4.000eV Ck=XL Det=MCD Ent=6x12mm Exit=4mm
2224
2470
2635
2939
3318
4012
4827
6432
8253
11060
14601
17835
19625
19424
17278
13082
8904
5783
3909
2930
2307
1832
1670
1499
1346
1253
   579.00006   567.00006    -0.50000     1.00000     0.30000    25    30.0
LO MagPE 30.000KE/1  Ex=1486.599eV WF=4.000eV Ck=XL Det=MCD Ent=6x12mm Exit=4mm
2663
2654
2754
2865
2975
3277
3316
3917
4399
5110
5806
6240
6135
5418
4685
3927
3423
2829
2631
2477
2262
2167
2126
2026
1910
