Ag(111) limpa 3d e 3p
   371.00003   366.00003    -0.20000     1.00000     0.30000    26    30.0
LO MagPE 30.000KE/1  Ex=1486.599eV WF=4.000eV Ck=XL Det=MCD Ent=6x12mm Exit=4mm
5762
6041
6233
7054
7894
9076
11166
13955
18419
24394
31842
39214
43282
43450
37909
29719
20897
13764
9369
7086
5613
4858
4111
3827
3615
3457
   579.00006   567.00006    -0.50000     1.00000     0.30000    25    30.0
LO MagPE 30.000KE/1  Ex=1486.599eV WF=4.000eV Ck=XL Det=MCD Ent=6x12mm Exit=4mm
7811
7928
8361
8381
8762
8952
9493
10560
11718
13171
14768
16050
15805
14312
12484
10538
9187
8169
7461
7105
6838
6600
6254
6296
6202
