Ag(111) limpa 3d e 3p
   371.00003   366.00003    -0.20000     1.00000     0.30000    26    30.0
LO MagPE 30.000KE/1  Ex=1486.599eV WF=4.000eV Ck=XL Det=MCD Ent=6x12mm Exit=4mm
4951
5200
5719
6056
6703
7743
9149
11546
15104
20065
26580
32500
36897
37400
33301
25921
18078
11981
8299
6179
4964
4121
3653
3373
3131
2917
   579.00006   567.00006    -0.50000     1.00000     0.30000    25    30.0
LO MagPE 30.000KE/1  Ex=1486.599eV WF=4.000eV Ck=XL Det=MCD Ent=6x12mm Exit=4mm
6393
6268
6662
6806
6988
7337
7651
8364
9382
10424
11816
12829
12664
11600
9816
8425
7288
6387
5830
5582
5349
5183
5071
4987
4705
