Ag(111) limpa 3d e 3p
   371.00003   366.00003    -0.20000     1.00000     0.30000    26    30.0
LO MagPE 30.000KE/1  Ex=1486.599eV WF=4.000eV Ck=XL Det=MCD Ent=6x12mm Exit=4mm
1767
1896
2018
2210
2420
2757
3183
3990
5030
6718
8746
10659
12155
12042
10747
8123
5665
3778
2695
2112
1740
1480
1361
1191
1159
1117
   579.00006   567.00006    -0.50000     1.00000     0.30000    25    30.0
LO MagPE 30.000KE/1  Ex=1486.599eV WF=4.000eV Ck=XL Det=MCD Ent=6x12mm Exit=4mm
2866
3007
3044
3184
3179
3332
3383
3591
3913
4264
4456
4634
4472
3996
3552
3024
2729
2495
2387
2229
2233
2157
2030
1938
1928
