Ag(111) limpa 3d e 3p
   371.00003   366.00003    -0.20000     1.00000     0.30000    26    30.0
LO MagPE 30.000KE/1  Ex=1486.599eV WF=4.000eV Ck=XL Det=MCD Ent=6x12mm Exit=4mm
1559
1724
1829
2058
2238
2686
3288
4056
5375
7221
9393
11615
12865
13137
11478
8707
6021
3963
2776
2000
1632
1387
1129
1054
983
934
   579.00006   567.00006    -0.50000     1.00000     0.30000    25    30.0
LO MagPE 30.000KE/1  Ex=1486.599eV WF=4.000eV Ck=XL Det=MCD Ent=6x12mm Exit=4mm
2354
2336
2364
2479
2646
2774
2917
3198
3600
4125
4500
4827
4843
4501
3886
3294
2777
2556
2355
2144
2050
1919
1902
1939
1815
