Ag(111) limpa 3d e 3p
   371.00003   366.00003    -0.20000     1.00000     0.30000    26    30.0
LO MagPE 30.000KE/1  Ex=1486.599eV WF=4.000eV Ck=XL Det=MCD Ent=6x12mm Exit=4mm
1817
2036
2092
2369
2521
3042
3867
4741
6435
8610
11316
13447
15117
14932
12949
10033
6899
4632
3115
2340
1833
1546
1335
1159
1098
1088
   579.00006   567.00006    -0.50000     1.00000     0.30000    25    30.0
LO MagPE 30.000KE/1  Ex=1486.599eV WF=4.000eV Ck=XL Det=MCD Ent=6x12mm Exit=4mm
2624
2665
2704
2822
2938
3073
3341
3529
3981
4430
5146
5273
5170
4689
4036
3422
3049
2774
2604
2416
2311
2171
2131
2082
2105
