Ag(111) limpa 3d e 3p
   371.00003   366.00003    -0.20000     1.00000     0.30000    26    30.0
LO MagPE 30.000KE/1  Ex=1486.599eV WF=4.000eV Ck=XL Det=MCD Ent=6x12mm Exit=4mm
1664
1843
2034
2175
2501
2801
3523
4665
6019
7983
10500
12882
14181
13996
12121
9489
6577
4325
2951
2168
1720
1530
1254
1163
1008
1023
   579.00006   567.00006    -0.50000     1.00000     0.30000    25    30.0
LO MagPE 30.000KE/1  Ex=1486.599eV WF=4.000eV Ck=XL Det=MCD Ent=6x12mm Exit=4mm
2247
2303
2353
2436
2557
2711
2947
3093
3610
4195
4623
4925
4832
4346
3755
3167
2705
2489
2291
2134
1957
1943
1904
1867
1856
