Ag(111) limpa 3d e 3p
   371.00003   366.00003    -0.20000     1.00000     0.30000    26    30.0
LO MagPE 30.000KE/1  Ex=1486.599eV WF=4.000eV Ck=XL Det=MCD Ent=6x12mm Exit=4mm
6308
6648
7171
7979
8723
10248
12311
15508
20601
27492
36093
43854
49642
50511
44884
34483
24108
15988
11109
8219
6384
5441
4850
4304
3812
3771
   579.00006   567.00006    -0.50000     1.00000     0.30000    25    30.0
LO MagPE 30.000KE/1  Ex=1486.599eV WF=4.000eV Ck=XL Det=MCD Ent=6x12mm Exit=4mm
7566
7792
8003
8159
8784
8966
9721
10941
12372
13979
15683
16811
16708
15046
12909
11030
9242
8275
7587
7016
6665
6299
6058
6028
5847
