Ag(111) limpa 3d e 3p
   371.00003   366.00003    -0.20000     1.00000     0.30000    26    30.0
LO MagPE 30.000KE/1  Ex=1486.599eV WF=4.000eV Ck=XL Det=MCD Ent=6x12mm Exit=4mm
6272
6683
7258
8011
8926
10550
12690
16004
21130
27862
36333
45290
50779
51329
45212
34803
24648
16146
11114
8139
6404
5458
4679
4234
4064
3827
   579.00006   567.00006    -0.50000     1.00000     0.30000    25    30.0
LO MagPE 30.000KE/1  Ex=1486.599eV WF=4.000eV Ck=XL Det=MCD Ent=6x12mm Exit=4mm
7961
8014
8359
8739
8770
9312
10134
10925
12321
14245
16038
17237
16852
15295
13167
11243
9726
8484
7879
7393
6883
6748
6504
6326
6103
