Ag(111) limpa 3d e 3p
   371.00003   366.00003    -0.20000     1.00000     0.30000    26    30.0
LO MagPE 30.000KE/1  Ex=1486.599eV WF=4.000eV Ck=XL Det=MCD Ent=6x12mm Exit=4mm
1958
2046
2098
2273
2571
2933
3370
4277
5603
7343
9501
11798
13291
13206
11869
8945
6195
4112
3028
2281
1842
1579
1360
1329
1220
1220
   579.00006   567.00006    -0.50000     1.00000     0.30000    25    30.0
LO MagPE 30.000KE/1  Ex=1486.599eV WF=4.000eV Ck=XL Det=MCD Ent=6x12mm Exit=4mm
2707
2892
3098
3038
3049
3198
3397
3680
4101
4347
4680
4733
4681
4229
3612
3147
2889
2588
2376
2236
2174
2052
2069
2050
2005
