Ag(111) limpa 3d e 3p
   371.00003   366.00003    -0.20000     1.00000     0.30000    26    30.0
LO MagPE 30.000KE/1  Ex=1486.599eV WF=4.000eV Ck=XL Det=MCD Ent=6x12mm Exit=4mm
1997
2074
2246
2441
2888
3301
4069
5192
7009
9178
12169
14927
16116
16054
13912
10512
7320
4838
3319
2507
1921
1530
1450
1277
1138
1141
   579.00006   567.00006    -0.50000     1.00000     0.30000    25    30.0
LO MagPE 30.000KE/1  Ex=1486.599eV WF=4.000eV Ck=XL Det=MCD Ent=6x12mm Exit=4mm
2519
2746
2692
2773
2920
3034
3294
3688
4161
4784
5378
5836
5517
4917
4238
3600
3111
2766
2522
2388
2248
2240
2063
2089
2017
