Ag(111) limpa 3d e 3p
   371.00003   366.00003    -0.20000     1.00000     0.30000    26    30.0
LO MagPE 30.000KE/1  Ex=1486.599eV WF=4.000eV Ck=XL Det=MCD Ent=6x12mm Exit=4mm
1685
1702
1912
2101
2318
2720
3249
4372
5670
7516
9813
11745
13267
13101
11287
8730
6163
3976
2849
2109
1671
1395
1226
1051
1009
994
   579.00006   567.00006    -0.50000     1.00000     0.30000    25    30.0
LO MagPE 30.000KE/1  Ex=1486.599eV WF=4.000eV Ck=XL Det=MCD Ent=6x12mm Exit=4mm
2466
2476
2583
2608
2642
2874
3002
3298
3659
3970
4601
4898
4797
4350
3819
3223
2944
2686
2443
2232
2193
2028
2065
2118
1949
