Ag(111) limpa 3d e 3p
   371.00003   366.00003    -0.20000     1.00000     0.30000    26    30.0
LO MagPE 30.000KE/1  Ex=1486.599eV WF=4.000eV Ck=XL Det=MCD Ent=6x12mm Exit=4mm
5720
5975
6524
6897
7863
9121
11146
13672
17817
23628
31192
38597
43691
44619
39980
31293
21370
14528
9811
7317
5908
4833
4195
3876
3535
3511
   579.00006   567.00006    -0.50000     1.00000     0.30000    25    30.0
LO MagPE 30.000KE/1  Ex=1486.599eV WF=4.000eV Ck=XL Det=MCD Ent=6x12mm Exit=4mm
7297
7232
7379
7579
8036
8538
8884
9802
10965
12493
13941
14964
14608
13308
11485
10000
8592
7674
6987
6742
6285
6256
5970
5778
5697
