Ag(111) limpa 3d e 3p
   371.00003   366.00003    -0.20000     1.00000     0.30000    26    30.0
LO MagPE 30.000KE/1  Ex=1486.599eV WF=4.000eV Ck=XL Det=MCD Ent=6x12mm Exit=4mm
4014
4162
4457
4842
5337
6010
6972
8663
11314
14671
19365
23835
27815
28247
26031
20251
14141
9636
6597
4977
4119
3325
2978
2842
2518
2501
   579.00006   567.00006    -0.50000     1.00000     0.30000    25    30.0
LO MagPE 30.000KE/1  Ex=1486.599eV WF=4.000eV Ck=XL Det=MCD Ent=6x12mm Exit=4mm
5686
5808
5784
5906
6146
6346
6849
7471
8113
9006
9739
10120
9888
9055
7987
6942
6171
5589
5211
4983
4721
4618
4418
4380
4226
