Ag(111) limpa 3d e 3p
   371.00003   366.00003    -0.20000     1.00000     0.30000    26    30.0
LO MagPE 30.000KE/1  Ex=1486.599eV WF=4.000eV Ck=XL Det=MCD Ent=6x12mm Exit=4mm
5030
5356
5798
6134
6897
7942
9305
11746
15299
20009
26118
32737
37338
38352
34378
26877
18872
12606
8760
6478
5194
4368
3990
3443
3313
3069
   579.00006   567.00006    -0.50000     1.00000     0.30000    25    30.0
LO MagPE 30.000KE/1  Ex=1486.599eV WF=4.000eV Ck=XL Det=MCD Ent=6x12mm Exit=4mm
6987
7058
7262
7579
7867
8110
8693
9300
10331
11672
12944
13870
13686
12474
10852
9330
8121
7299
6764
6408
6065
5953
5727
5584
5593
