Ag(111) limpa 3d e 3p
   371.00003   366.00003    -0.20000     1.00000     0.30000    26    30.0
LO MagPE 30.000KE/1  Ex=1486.599eV WF=4.000eV Ck=XL Det=MCD Ent=6x12mm Exit=4mm
1638
1614
1695
1831
2040
2320
2655
3333
4315
5689
7276
9127
10177
10183
9173
7037
4921
3211
2309
1790
1386
1251
1124
1067
952
948
   579.00006   567.00006    -0.50000     1.00000     0.30000    25    30.0
LO MagPE 30.000KE/1  Ex=1486.599eV WF=4.000eV Ck=XL Det=MCD Ent=6x12mm Exit=4mm
2226
2344
2424
2451
2541
2619
2690
2937
3294
3580
3794
3850
3649
3355
2956
2514
2195
2073
1855
1821
1806
1674
1675
1689
1605
