Ag(111) limpa 3d e 3p
   371.00003   366.00003    -0.20000     1.00000     0.30000    26    30.0
LO MagPE 30.000KE/1  Ex=1486.599eV WF=4.000eV Ck=XL Det=MCD Ent=6x12mm Exit=4mm
3750
3788
4185
4398
4872
5724
6663
8127
10248
13683
17643
22205
25332
25909
23493
18639
13238
9121
6310
4669
3855
3110
2833
2680
2547
2375
   579.00006   567.00006    -0.50000     1.00000     0.30000    25    30.0
LO MagPE 30.000KE/1  Ex=1486.599eV WF=4.000eV Ck=XL Det=MCD Ent=6x12mm Exit=4mm
5614
5531
5791
5857
6097
6342
6725
7306
7809
8667
9601
9942
10094
9096
8088
7042
6369
5732
5393
5103
4962
4753
4637
4645
4497
