Ag(111) limpa 3d e 3p
   371.00003   366.00003    -0.20000     1.00000     0.30000    26    30.0
LO MagPE 30.000KE/1  Ex=1486.599eV WF=4.000eV Ck=XL Det=MCD Ent=6x12mm Exit=4mm
5609
5738
6339
6860
7474
8825
10493
13018
16941
22597
29678
36866
42007
43090
38470
30252
21204
14280
9422
7245
5794
4791
4231
3776
3576
3396
   579.00006   567.00006    -0.50000     1.00000     0.30000    25    30.0
LO MagPE 30.000KE/1  Ex=1486.599eV WF=4.000eV Ck=XL Det=MCD Ent=6x12mm Exit=4mm
7456
7343
7673
7859
8182
8692
9363
9842
10978
12680
14089
15114
14851
13737
11615
10191
8610
7914
7138
6707
6437
6209
6011
5693
5817
