Ag(111) limpa 3d e 3p
   371.00003   366.00003    -0.20000     1.00000     0.30000    26    30.0
LO MagPE 30.000KE/1  Ex=1486.599eV WF=4.000eV Ck=XL Det=MCD Ent=6x12mm Exit=4mm
6226
6517
7020
7627
8618
9878
12039
15488
19921
27259
35046
43148
48935
49727
43853
33986
23964
15764
10920
8173
6354
5269
4600
4192
3878
3755
   579.00006   567.00006    -0.50000     1.00000     0.30000    25    30.0
LO MagPE 30.000KE/1  Ex=1486.599eV WF=4.000eV Ck=XL Det=MCD Ent=6x12mm Exit=4mm
7976
7963
8239
8588
9033
9195
9918
10634
12385
13766
15695
16789
16228
14937
12718
10853
9390
8396
7804
7284
6900
6611
6397
6312
6182
