Ag(111) limpa 3d e 3p
   371.00003   366.00003    -0.20000     1.00000     0.30000    26    30.0
LO MagPE 30.000KE/1  Ex=1486.599eV WF=4.000eV Ck=XL Det=MCD Ent=6x12mm Exit=4mm
6770
7375
7766
8516
9574
11293
13509
17399
22855
30162
40126
49274
55344
55406
49187
38164
26052
17162
11937
8648
7085
5792
5055
4546
4247
4125
   579.00006   567.00006    -0.50000     1.00000     0.30000    25    30.0
LO MagPE 30.000KE/1  Ex=1486.599eV WF=4.000eV Ck=XL Det=MCD Ent=6x12mm Exit=4mm
7905
8149
8473
8692
9229
9694
10413
11355
12871
14990
16959
18089
18041
16014
13734
11608
10013
8795
7971
7302
6860
6549
6318
6235
6124
