Ag(111) limpa 3d e 3p
   371.00003   366.00003    -0.20000     1.00000     0.30000    26    30.0
LO MagPE 30.000KE/1  Ex=1486.599eV WF=4.000eV Ck=XL Det=MCD Ent=6x12mm Exit=4mm
5391
5762
5940
6583
7440
8484
10190
12877
16745
22101
28844
35745
40722
41252
36850
28967
20020
13411
9233
6950
5449
4706
3968
3831
3446
3241
   579.00006   567.00006    -0.50000     1.00000     0.30000    25    30.0
LO MagPE 30.000KE/1  Ex=1486.599eV WF=4.000eV Ck=XL Det=MCD Ent=6x12mm Exit=4mm
7121
7321
7515
7639
7904
8198
8719
9312
10694
11914
13279
14159
14173
12632
10873
9474
8340
7540
6915
6417
6302
5967
5815
5600
5523
