Ag(111) limpa 3d e 3p
   371.00003   366.00003    -0.20000     1.00000     0.30000    26    30.0
LO MagPE 30.000KE/1  Ex=1486.599eV WF=4.000eV Ck=XL Det=MCD Ent=6x12mm Exit=4mm
1514
1576
1683
1778
1915
2124
2723
3265
4181
5602
7040
8732
9803
9875
8506
6447
4500
2928
2110
1662
1405
1238
1119
1064
955
942
   579.00006   567.00006    -0.50000     1.00000     0.30000    25    30.0
LO MagPE 30.000KE/1  Ex=1486.599eV WF=4.000eV Ck=XL Det=MCD Ent=6x12mm Exit=4mm
2190
2361
2409
2557
2473
2601
2661
2833
3200
3500
3613
3744
3552
3191
2832
2558
2260
2008
1870
1904
1770
1745
1598
1631
1585
