Ag(111) limpa 3d e 3p
   371.00003   366.00003    -0.20000     1.00000     0.30000    26    30.0
LO MagPE 30.000KE/1  Ex=1486.599eV WF=4.000eV Ck=XL Det=MCD Ent=6x12mm Exit=4mm
4924
5147
5489
5990
6715
7462
8978
11205
14618
19285
25338
31462
35680
36347
32352
25535
17953
11975
8300
6124
5028
4148
3777
3271
3167
3002
   579.00006   567.00006    -0.50000     1.00000     0.30000    25    30.0
LO MagPE 30.000KE/1  Ex=1486.599eV WF=4.000eV Ck=XL Det=MCD Ent=6x12mm Exit=4mm
6767
6766
6899
7172
7301
7638
8229
8942
9841
11021
12296
13297
13124
11702
10428
8847
7730
6832
6362
6070
5704
5558
5388
5216
5148
