Ag(111) limpa 3d e 3p
   371.00003   366.00003    -0.20000     1.00000     0.30000    26    30.0
LO MagPE 30.000KE/1  Ex=1486.599eV WF=4.000eV Ck=XL Det=MCD Ent=6x12mm Exit=4mm
4765
4836
5012
5619
6247
7253
8635
10760
14300
18683
24030
30097
33912
34381
30431
23797
16292
10898
7464
5593
4437
3871
3550
3206
2882
2895
   579.00006   567.00006    -0.50000     1.00000     0.30000    25    30.0
LO MagPE 30.000KE/1  Ex=1486.599eV WF=4.000eV Ck=XL Det=MCD Ent=6x12mm Exit=4mm
6191
6287
6516
6622
6756
7037
7641
8189
8873
10151
11167
11807
11686
10615
9215
8020
6940
6372
5854
5526
5075
5205
4963
4839
4888
