Ag(111) limpa 3d e 3p
   371.00003   366.00003    -0.20000     1.00000     0.30000    26    30.0
LO MagPE 30.000KE/1  Ex=1486.599eV WF=4.000eV Ck=XL Det=MCD Ent=6x12mm Exit=4mm
4432
4767
4999
5284
5925
6802
8217
10146
13149
17503
22099
27681
31715
31996
29115
22957
16189
10819
7529
5543
4616
3758
3387
3001
2775
2773
   579.00006   567.00006    -0.50000     1.00000     0.30000    25    30.0
LO MagPE 30.000KE/1  Ex=1486.599eV WF=4.000eV Ck=XL Det=MCD Ent=6x12mm Exit=4mm
6017
6193
6471
6535
6666
7021
7360
7832
8792
9828
11080
11667
11537
10417
9126
7833
6899
6217
5791
5488
5223
5032
4946
4678
4665
