Ag(111) limpa 3d e 3p
   371.00003   366.00003    -0.20000     1.00000     0.30000    26    30.0
LO MagPE 30.000KE/1  Ex=1486.599eV WF=4.000eV Ck=XL Det=MCD Ent=6x12mm Exit=4mm
1984
2078
2191
2357
2584
2924
3450
4254
5601
7255
9374
11501
12750
13088
11739
9123
6345
4380
3018
2380
1867
1659
1459
1339
1313
1248
   579.00006   567.00006    -0.50000     1.00000     0.30000    25    30.0
LO MagPE 30.000KE/1  Ex=1486.599eV WF=4.000eV Ck=XL Det=MCD Ent=6x12mm Exit=4mm
2904
3061
3264
3247
3381
3364
3558
3751
4067
4625
4723
4871
4769
4411
3791
3448
3018
2793
2549
2456
2393
2335
2320
2197
2278
