Ag(111) limpa 3d e 3p
   371.00003   366.00003    -0.20000     1.00000     0.30000    26    30.0
LO MagPE 30.000KE/1  Ex=1486.599eV WF=4.000eV Ck=XL Det=MCD Ent=6x12mm Exit=4mm
4502
4778
5161
5635
6110
7093
8573
10598
14019
18453
24250
29813
33646
34210
29816
22908
15873
10518
7360
5514
4415
3759
3356
3003
2807
2749
   579.00006   567.00006    -0.50000     1.00000     0.30000    25    30.0
LO MagPE 30.000KE/1  Ex=1486.599eV WF=4.000eV Ck=XL Det=MCD Ent=6x12mm Exit=4mm
5364
5485
5601
5799
6097
6247
6623
7301
8054
9178
10598
10766
10860
9790
8436
7138
6253
5562
5052
4687
4592
4386
4163
4145
4027
