Ag(111) limpa 3d e 3p
   371.00003   366.00003    -0.20000     1.00000     0.30000    26    30.0
LO MagPE 30.000KE/1  Ex=1486.599eV WF=4.000eV Ck=XL Det=MCD Ent=6x12mm Exit=4mm
1918
2085
2207
2428
2776
3233
4040
5080
6698
8993
11671
14231
15653
15743
13593
10535
7145
4811
3189
2363
1926
1621
1438
1290
1161
1082
   579.00006   567.00006    -0.50000     1.00000     0.30000    25    30.0
LO MagPE 30.000KE/1  Ex=1486.599eV WF=4.000eV Ck=XL Det=MCD Ent=6x12mm Exit=4mm
2415
2615
2631
2651
2736
2941
3174
3503
4000
4563
5088
5381
5531
4800
4117
3495
3006
2724
2419
2217
2165
2101
1976
1911
1866
