Ag(111) limpa 3d e 3p
   371.00003   366.00003    -0.20000     1.00000     0.30000    26    30.0
LO MagPE 30.000KE/1  Ex=1486.599eV WF=4.000eV Ck=XL Det=MCD Ent=6x12mm Exit=4mm
3331
3264
3503
3694
4152
4671
5490
6622
8617
11221
14741
18342
21128
21806
19561
15695
11142
7283
5103
3983
3147
2637
2436
2165
1994
1825
   579.00006   567.00006    -0.50000     1.00000     0.30000    25    30.0
LO MagPE 30.000KE/1  Ex=1486.599eV WF=4.000eV Ck=XL Det=MCD Ent=6x12mm Exit=4mm
4679
4671
4830
4991
5047
5262
5427
5780
6241
7006
7541
7961
7899
7263
6358
5561
4847
4470
4158
4006
3927
3531
3647
3597
3570
