Ag(111) limpa 3d e 3p
   371.00003   366.00003    -0.20000     1.00000     0.30000    26    30.0
LO MagPE 30.000KE/1  Ex=1486.599eV WF=4.000eV Ck=XL Det=MCD Ent=6x12mm Exit=4mm
5251
5609
5766
6278
7116
8013
9862
12392
16110
21398
28287
34906
39551
39964
35735
27635
19059
12617
8627
6338
5173
4303
3704
3449
3272
3057
   579.00006   567.00006    -0.50000     1.00000     0.30000    25    30.0
LO MagPE 30.000KE/1  Ex=1486.599eV WF=4.000eV Ck=XL Det=MCD Ent=6x12mm Exit=4mm
6309
6591
6774
6959
7133
7573
7728
8496
9711
10966
12075
12944
12863
11560
9830
8542
7496
6595
6114
5613
5371
5201
4937
4789
4899
