Ag(111) limpa 3d e 3p
   371.00003   366.00003    -0.20000     1.00000     0.30000    26    30.0
LO MagPE 30.000KE/1  Ex=1486.599eV WF=4.000eV Ck=XL Det=MCD Ent=6x12mm Exit=4mm
4902
5261
5592
6161
6879
7698
9282
11899
15340
20156
26207
32207
36337
36614
32809
25587
17769
11812
8278
6212
5036
4203
3742
3444
3227
3007
   579.00006   567.00006    -0.50000     1.00000     0.30000    25    30.0
LO MagPE 30.000KE/1  Ex=1486.599eV WF=4.000eV Ck=XL Det=MCD Ent=6x12mm Exit=4mm
7055
7219
7501
7615
7748
8260
8708
9392
10385
11679
13140
14089
13527
12469
10898
9257
8148
7353
6763
6494
6053
5796
5767
5687
5510
