Ag(111) limpa 3d e 3p
   371.00003   366.00003    -0.20000     1.00000     0.30000    26    30.0
LO MagPE 30.000KE/1  Ex=1486.599eV WF=4.000eV Ck=XL Det=MCD Ent=6x12mm Exit=4mm
2168
2063
2311
2403
2631
3033
3693
4374
5753
7405
9926
11998
13543
13486
12089
9121
6370
4259
2956
2340
1866
1725
1503
1366
1218
1207
   579.00006   567.00006    -0.50000     1.00000     0.30000    25    30.0
LO MagPE 30.000KE/1  Ex=1486.599eV WF=4.000eV Ck=XL Det=MCD Ent=6x12mm Exit=4mm
2833
3049
3070
3132
3219
3224
3529
3523
4055
4357
4768
4911
4781
4374
3923
3353
3085
2738
2678
2502
2381
2317
2351
2221
2243
