Ag(111) limpa 3d e 3p
   371.00003   366.00003    -0.20000     1.00000     0.30000    26    30.0
LO MagPE 30.000KE/1  Ex=1486.599eV WF=4.000eV Ck=XL Det=MCD Ent=6x12mm Exit=4mm
3733
3855
3990
4437
4870
5436
6537
8175
10580
13851
18067
22155
25280
26103
23602
18190
12845
8506
5846
4377
3548
2980
2802
2486
2456
2345
   579.00006   567.00006    -0.50000     1.00000     0.30000    25    30.0
LO MagPE 30.000KE/1  Ex=1486.599eV WF=4.000eV Ck=XL Det=MCD Ent=6x12mm Exit=4mm
5163
5356
5582
5553
5639
5860
6138
6578
7266
8106
8799
9176
9258
8582
7354
6509
5802
5185
4739
4500
4372
4169
4285
4064
4066
