Ag(111) limpa 3d e 3p
   371.00003   366.00003    -0.20000     1.00000     0.30000    26    30.0
LO MagPE 30.000KE/1  Ex=1486.599eV WF=4.000eV Ck=XL Det=MCD Ent=6x12mm Exit=4mm
6237
6459
6813
7670
8548
9658
11877
14623
19245
25850
34314
41861
47451
48572
43638
33753
23540
15556
10798
7721
6340
5184
4512
4133
3924
3757
   579.00006   567.00006    -0.50000     1.00000     0.30000    25    30.0
LO MagPE 30.000KE/1  Ex=1486.599eV WF=4.000eV Ck=XL Det=MCD Ent=6x12mm Exit=4mm
7647
7876
7924
8353
8651
9158
9933
10702
12005
13913
15759
17122
16840
15151
13085
10971
9320
8274
7557
6989
6614
6221
6139
5999
5862
