Ag(111) limpa 3d e 3p
   371.00003   366.00003    -0.20000     1.00000     0.30000    26    30.0
LO MagPE 30.000KE/1  Ex=1486.599eV WF=4.000eV Ck=XL Det=MCD Ent=6x12mm Exit=4mm
4913
5359
5529
6008
6636
7751
9053
11493
15091
19876
25930
31818
36005
36376
32649
25746
17902
11914
8185
6144
4978
4253
3834
3337
3150
2970
   579.00006   567.00006    -0.50000     1.00000     0.30000    25    30.0
LO MagPE 30.000KE/1  Ex=1486.599eV WF=4.000eV Ck=XL Det=MCD Ent=6x12mm Exit=4mm
6848
6887
7018
7237
7414
7850
8243
9014
9874
10945
12106
12958
12680
11799
10220
8904
7806
7126
6566
6229
5950
5676
5551
5418
5406
