Ag(111) limpa 3d e 3p
   371.00003   366.00003    -0.20000     1.00000     0.30000    26    30.0
LO MagPE 30.000KE/1  Ex=1486.599eV WF=4.000eV Ck=XL Det=MCD Ent=6x12mm Exit=4mm
5627
5852
6273
6835
7802
8929
10685
13172
17670
23439
30545
37931
42439
43052
38822
30318
20891
13967
9532
7283
5621
4699
4232
3778
3566
3373
   579.00006   567.00006    -0.50000     1.00000     0.30000    25    30.0
LO MagPE 30.000KE/1  Ex=1486.599eV WF=4.000eV Ck=XL Det=MCD Ent=6x12mm Exit=4mm
7066
7382
7671
7726
8155
8593
8998
9778
10767
12437
13823
14987
15154
13379
11586
9912
8486
7720
7179
6617
6275
6149
5913
5804
5688
