Ag(111) limpa 3d e 3p
   371.00003   366.00003    -0.20000     1.00000     0.30000    26    30.0
LO MagPE 30.000KE/1  Ex=1486.599eV WF=4.000eV Ck=XL Det=MCD Ent=6x12mm Exit=4mm
5349
5599
6079
6521
7329
8293
10077
12346
16118
21560
27975
35139
40280
41407
37523
29293
20872
13605
9464
6950
5535
4688
4034
3695
3453
3184
   579.00006   567.00006    -0.50000     1.00000     0.30000    25    30.0
LO MagPE 30.000KE/1  Ex=1486.599eV WF=4.000eV Ck=XL Det=MCD Ent=6x12mm Exit=4mm
7115
7093
7455
7513
7812
8147
8729
9511
10720
12220
13547
14384
14187
13014
11312
9498
8490
7729
6885
6243
6043
5892
5740
5715
5565
