Ag(111) limpa 3d e 3p
   371.00003   366.00003    -0.20000     1.00000     0.30000    26    30.0
LO MagPE 30.000KE/1  Ex=1486.599eV WF=4.000eV Ck=XL Det=MCD Ent=6x12mm Exit=4mm
5392
5543
6051
6651
7127
8371
10228
12700
16866
21992
28954
35403
39844
40020
35593
27536
19225
12643
8783
6543
5237
4439
3945
3552
3285
3199
   579.00006   567.00006    -0.50000     1.00000     0.30000    25    30.0
LO MagPE 30.000KE/1  Ex=1486.599eV WF=4.000eV Ck=XL Det=MCD Ent=6x12mm Exit=4mm
6573
6788
6930
7229
7370
7866
8191
8703
9735
11142
12560
13426
13062
11964
10159
8681
7698
6892
6406
5978
5657
5471
5296
5219
5094
