Ag(111) limpa 3d e 3p
   371.00003   366.00003    -0.20000     1.00000     0.30000    26    30.0
LO MagPE 30.000KE/1  Ex=1486.599eV WF=4.000eV Ck=XL Det=MCD Ent=6x12mm Exit=4mm
2068
2164
2513
2618
3019
3495
4327
5414
7265
9658
12744
15416
17277
17342
15173
11533
7782
5352
3578
2643
2193
1747
1555
1410
1256
1217
   579.00006   567.00006    -0.50000     1.00000     0.30000    25    30.0
LO MagPE 30.000KE/1  Ex=1486.599eV WF=4.000eV Ck=XL Det=MCD Ent=6x12mm Exit=4mm
2651
2701
2897
2949
3114
3090
3338
3719
4284
5002
5493
6125
5792
5299
4575
3866
3254
2912
2740
2332
2332
2205
2200
2010
2016
