Ag(111) limpa 3d e 3p
   371.00003   366.00003    -0.20000     1.00000     0.30000    26    30.0
LO MagPE 30.000KE/1  Ex=1486.599eV WF=4.000eV Ck=XL Det=MCD Ent=6x12mm Exit=4mm
2135
2262
2441
2541
2930
3353
4009
4948
6384
8373
10977
13535
15368
15528
13838
10602
7248
4866
3392
2579
2212
1761
1596
1571
1404
1341
   579.00006   567.00006    -0.50000     1.00000     0.30000    25    30.0
LO MagPE 30.000KE/1  Ex=1486.599eV WF=4.000eV Ck=XL Det=MCD Ent=6x12mm Exit=4mm
3153
3140
3264
3386
3402
3579
3805
4061
4446
5077
5602
5653
5721
5081
4315
3743
3266
3022
2815
2694
2477
2461
2426
2301
2207
