Ag(111) limpa 3d e 3p
   371.00003   366.00003    -0.20000     1.00000     0.30000    26    30.0
LO MagPE 30.000KE/1  Ex=1486.599eV WF=4.000eV Ck=XL Det=MCD Ent=6x12mm Exit=4mm
2671
2780
2947
3268
3642
4035
4988
6316
8348
10918
13970
17555
19260
19416
16526
12629
8513
5606
3940
2959
2495
2051
1898
1726
1664
1543
   579.00006   567.00006    -0.50000     1.00000     0.30000    25    30.0
LO MagPE 30.000KE/1  Ex=1486.599eV WF=4.000eV Ck=XL Det=MCD Ent=6x12mm Exit=4mm
3147
3447
3390
3495
3639
3656
3981
4297
4773
5477
5993
6245
6081
5568
4680
3876
3569
3078
2952
2676
2516
2485
2388
2384
2312
