Ag(111) limpa 3d e 3p
   371.00003   366.00003    -0.20000     1.00000     0.30000    26    30.0
LO MagPE 30.000KE/1  Ex=1486.599eV WF=4.000eV Ck=XL Det=MCD Ent=6x12mm Exit=4mm
4799
4811
5226
5645
6333
7054
8557
10710
13879
18206
23686
29145
33909
34929
31247
24870
17281
11764
8144
6101
4724
4041
3642
3187
2960
3015
   579.00006   567.00006    -0.50000     1.00000     0.30000    25    30.0
LO MagPE 30.000KE/1  Ex=1486.599eV WF=4.000eV Ck=XL Det=MCD Ent=6x12mm Exit=4mm
6799
6943
7022
7151
7391
7570
8105
8754
9698
11165
12416
13254
13009
12050
10294
9013
7887
6884
6390
5942
5612
5541
5321
5200
5055
