Ag(111) limpa 3d e 3p
   371.00003   366.00003    -0.20000     1.00000     0.30000    26    30.0
LO MagPE 30.000KE/1  Ex=1486.599eV WF=4.000eV Ck=XL Det=MCD Ent=6x12mm Exit=4mm
5093
5523
5867
6333
7050
8349
9552
12304
15701
20675
27205
33502
37987
38526
34078
27049
18679
12690
8745
6544
5248
4409
3925
3563
3246
3099
   579.00006   567.00006    -0.50000     1.00000     0.30000    25    30.0
LO MagPE 30.000KE/1  Ex=1486.599eV WF=4.000eV Ck=XL Det=MCD Ent=6x12mm Exit=4mm
6876
7244
7281
7733
7832
8114
8701
9286
10273
11492
12880
13938
13553
12240
10723
9382
8125
7332
6885
6489
6283
5919
5808
5661
5649
