Ag(111) limpa 3d e 3p
   371.00003   366.00003    -0.20000     1.00000     0.30000    26    30.0
LO MagPE 30.000KE/1  Ex=1486.599eV WF=4.000eV Ck=XL Det=MCD Ent=6x12mm Exit=4mm
2214
2264
2382
2557
2819
3165
3775
4598
6021
8072
10499
12891
14744
15048
13418
10665
7203
4743
3378
2450
2038
1805
1558
1489
1316
1247
   579.00006   567.00006    -0.50000     1.00000     0.30000    25    30.0
LO MagPE 30.000KE/1  Ex=1486.599eV WF=4.000eV Ck=XL Det=MCD Ent=6x12mm Exit=4mm
2931
3054
3272
3432
3479
3419
3747
3969
4389
4892
5249
5500
5281
4773
4121
3524
3162
2902
2708
2517
2364
2335
2266
2280
2325
