Ag(111) limpa 3d e 3p
   371.00003   366.00003    -0.20000     1.00000     0.30000    26    30.0
LO MagPE 30.000KE/1  Ex=1486.599eV WF=4.000eV Ck=XL Det=MCD Ent=6x12mm Exit=4mm
2460
2552
2658
2902
3198
3704
4317
5391
7050
9404
12338
14997
17007
17654
15577
12277
8372
5710
3786
2945
2180
1915
1736
1576
1468
1405
   579.00006   567.00006    -0.50000     1.00000     0.30000    25    30.0
LO MagPE 30.000KE/1  Ex=1486.599eV WF=4.000eV Ck=XL Det=MCD Ent=6x12mm Exit=4mm
3199
3178
3282
3429
3541
3658
3973
4184
4747
5311
5880
6084
5985
5247
4554
3817
3214
3057
2757
2685
2539
2363
2389
2217
2262
