Ag(111) limpa 3d e 3p
   371.00003   366.00003    -0.20000     1.00000     0.30000    26    30.0
LO MagPE 30.000KE/1  Ex=1486.599eV WF=4.000eV Ck=XL Det=MCD Ent=6x12mm Exit=4mm
5173
5333
5683
6251
7049
8197
10001
12206
15796
21151
27705
33873
38359
38405
34428
26505
18593
12625
8745
6462
5134
4273
3877
3444
3300
3210
   579.00006   567.00006    -0.50000     1.00000     0.30000    25    30.0
LO MagPE 30.000KE/1  Ex=1486.599eV WF=4.000eV Ck=XL Det=MCD Ent=6x12mm Exit=4mm
7113
7148
7438
7533
7832
8226
8479
9025
10257
11467
12859
13517
13187
12365
10624
9433
8169
7463
7085
6620
6355
6133
5957
5976
5701
