Ag(111) limpa 3d e 3p
   371.00003   366.00003    -0.20000     1.00000     0.30000    26    30.0
LO MagPE 30.000KE/1  Ex=1486.599eV WF=4.000eV Ck=XL Det=MCD Ent=6x12mm Exit=4mm
5844
5884
6388
6981
7797
9065
10846
13702
17904
23614
31189
38460
43694
44263
39653
31134
21592
14543
9745
7311
5893
4991
4215
3758
3589
3451
   579.00006   567.00006    -0.50000     1.00000     0.30000    25    30.0
LO MagPE 30.000KE/1  Ex=1486.599eV WF=4.000eV Ck=XL Det=MCD Ent=6x12mm Exit=4mm
7356
7678
7738
7887
8327
8582
8998
10015
10979
12622
14187
15187
14960
13733
11921
10173
8733
7969
7163
6770
6536
6181
5955
5832
5816
