Ag(111) limpa 3d e 3p
   371.00003   366.00003    -0.20000     1.00000     0.30000    26    30.0
LO MagPE 30.000KE/1  Ex=1486.599eV WF=4.000eV Ck=XL Det=MCD Ent=6x12mm Exit=4mm
2110
2182
2391
2652
3018
3597
4412
5857
7505
10218
13138
15834
17483
17539
15031
11342
7796
5019
3485
2678
2011
1740
1527
1327
1210
1152
   579.00006   567.00006    -0.50000     1.00000     0.30000    25    30.0
LO MagPE 30.000KE/1  Ex=1486.599eV WF=4.000eV Ck=XL Det=MCD Ent=6x12mm Exit=4mm
2607
2684
2729
2925
3001
3180
3380
3748
4375
5045
5665
6176
6009
5409
4470
3811
3288
2939
2644
2475
2247
2249
2093
2131
2035
