Ag(111) limpa 3d e 3p
   371.00003   366.00003    -0.20000     1.00000     0.30000    26    30.0
LO MagPE 30.000KE/1  Ex=1486.599eV WF=4.000eV Ck=XL Det=MCD Ent=6x12mm Exit=4mm
1789
1894
1906
2021
2292
2712
3064
3738
4871
6222
8116
10303
11825
12160
10903
8575
5887
3931
2798
2164
1677
1479
1256
1230
1135
1098
   579.00006   567.00006    -0.50000     1.00000     0.30000    25    30.0
LO MagPE 30.000KE/1  Ex=1486.599eV WF=4.000eV Ck=XL Det=MCD Ent=6x12mm Exit=4mm
2609
2822
2834
2910
2936
2989
3086
3392
3781
4118
4261
4422
4372
3986
3539
3019
2718
2407
2307
2184
1974
2013
1926
1914
1874
