Ag(111) limpa 3d e 3p
   371.00003   366.00003    -0.20000     1.00000     0.30000    26    30.0
LO MagPE 30.000KE/1  Ex=1486.599eV WF=4.000eV Ck=XL Det=MCD Ent=6x12mm Exit=4mm
1994
2069
2224
2502
2875
3359
4113
5324
6904
9351
12144
14862
16653
16252
14287
11061
7432
4949
3406
2538
1975
1655
1436
1335
1188
1161
   579.00006   567.00006    -0.50000     1.00000     0.30000    25    30.0
LO MagPE 30.000KE/1  Ex=1486.599eV WF=4.000eV Ck=XL Det=MCD Ent=6x12mm Exit=4mm
2515
2611
2733
2803
3016
3046
3252
3607
4216
4688
5435
5841
5564
5153
4388
3636
3139
2763
2639
2396
2267
2101
2044
2021
1837
