Ag(111) limpa 3d e 3p
   371.00003   366.00003    -0.20000     1.00000     0.30000    26    30.0
LO MagPE 30.000KE/1  Ex=1486.599eV WF=4.000eV Ck=XL Det=MCD Ent=6x12mm Exit=4mm
6504
6686
7150
7711
8875
10306
12311
15925
20699
27879
35920
44486
50123
49754
43655
33510
23379
15594
10681
7980
6195
5199
4526
4162
3956
3644
   579.00006   567.00006    -0.50000     1.00000     0.30000    25    30.0
LO MagPE 30.000KE/1  Ex=1486.599eV WF=4.000eV Ck=XL Det=MCD Ent=6x12mm Exit=4mm
7892
8099
8400
8479
8908
9341
10020
11081
12372
14185
15760
17039
16785
14913
13153
11039
9662
8556
7690
7231
6793
6262
6328
6216
6177
