Ag(111) limpa 3d e 3p
   371.00003   366.00003    -0.20000     1.00000     0.30000    26    30.0
LO MagPE 30.000KE/1  Ex=1486.599eV WF=4.000eV Ck=XL Det=MCD Ent=6x12mm Exit=4mm
2046
2225
2331
2552
2941
3488
4341
5410
7111
9425
12668
15448
16916
17127
14682
11596
7752
5169
3493
2624
1985
1762
1472
1373
1239
1179
   579.00006   567.00006    -0.50000     1.00000     0.30000    25    30.0
LO MagPE 30.000KE/1  Ex=1486.599eV WF=4.000eV Ck=XL Det=MCD Ent=6x12mm Exit=4mm
2593
2698
2769
2902
3023
3149
3289
3672
4245
4781
5491
5692
5804
5152
4334
3643
3236
2885
2652
2449
2317
2213
2078
2169
1999
