Ag(111) limpa 3d e 3p
   371.00003   366.00003    -0.20000     1.00000     0.30000    26    30.0
LO MagPE 30.000KE/1  Ex=1486.599eV WF=4.000eV Ck=XL Det=MCD Ent=6x12mm Exit=4mm
5465
5739
6078
6636
7609
8680
10393
12997
16877
22386
29324
35939
40758
41040
36786
28702
19870
13419
9095
6956
5528
4755
4108
3681
3496
3323
   579.00006   567.00006    -0.50000     1.00000     0.30000    25    30.0
LO MagPE 30.000KE/1  Ex=1486.599eV WF=4.000eV Ck=XL Det=MCD Ent=6x12mm Exit=4mm
7125
7408
7510
7786
8127
8545
8834
9940
10943
12283
13686
14366
14442
13267
11425
9740
8454
7838
6953
6749
6467
6273
6033
5749
5938
