Ag(111) limpa 3d e 3p
   371.00003   366.00003    -0.20000     1.00000     0.30000    26    30.0
LO MagPE 30.000KE/1  Ex=1486.599eV WF=4.000eV Ck=XL Det=MCD Ent=6x12mm Exit=4mm
4327
4395
4579
5202
5816
6403
7731
9440
12165
16575
21285
26319
30122
30616
27145
21274
14922
10022
6926
5273
4338
3564
3206
3025
2722
2568
   579.00006   567.00006    -0.50000     1.00000     0.30000    25    30.0
LO MagPE 30.000KE/1  Ex=1486.599eV WF=4.000eV Ck=XL Det=MCD Ent=6x12mm Exit=4mm
6105
6323
6575
6605
6627
6844
7354
7779
8371
9439
10205
10773
10611
10022
8733
7514
6745
6292
5913
5525
5265
5250
5112
5097
4999
