Ag(111) limpa 3d e 3p
   371.00003   366.00003    -0.20000     1.00000     0.30000    26    30.0
LO MagPE 30.000KE/1  Ex=1486.599eV WF=4.000eV Ck=XL Det=MCD Ent=6x12mm Exit=4mm
4254
4513
4806
5213
5940
6674
7903
9750
12899
16657
22176
27349
31140
31993
28548
22483
15620
10291
7093
5441
4290
3623
3144
2878
2765
2588
   579.00006   567.00006    -0.50000     1.00000     0.30000    25    30.0
LO MagPE 30.000KE/1  Ex=1486.599eV WF=4.000eV Ck=XL Det=MCD Ent=6x12mm Exit=4mm
5741
5831
6046
6290
6408
6475
6960
7583
8504
9392
10612
11365
11050
10075
8663
7466
6611
5757
5261
5141
4773
4592
4450
4451
4294
