Ag(111) limpa 3d e 3p
   371.00003   366.00003    -0.20000     1.00000     0.30000    26    30.0
LO MagPE 30.000KE/1  Ex=1486.599eV WF=4.000eV Ck=XL Det=MCD Ent=6x12mm Exit=4mm
2291
2455
2734
2974
3318
3905
4893
6314
8461
11289
14730
18075
20388
19918
17468
13537
9262
6064
4022
3045
2401
2007
1722
1486
1474
1339
   579.00006   567.00006    -0.50000     1.00000     0.30000    25    30.0
LO MagPE 30.000KE/1  Ex=1486.599eV WF=4.000eV Ck=XL Det=MCD Ent=6x12mm Exit=4mm
2669
2758
2780
2961
2997
3320
3534
4019
4472
5175
5754
6341
6207
5551
4815
3977
3279
2936
2778
2379
2297
2157
2068
1997
2023
