Ag(111) limpa 3d e 3p
   371.00003   366.00003    -0.20000     1.00000     0.30000    26    30.0
LO MagPE 30.000KE/1  Ex=1486.599eV WF=4.000eV Ck=XL Det=MCD Ent=6x12mm Exit=4mm
2464
2589
2770
2828
3239
3811
4339
5486
7201
9506
12506
15260
17073
17547
15390
11994
8215
5346
3883
2810
2373
2022
1750
1623
1548
1418
   579.00006   567.00006    -0.50000     1.00000     0.30000    25    30.0
LO MagPE 30.000KE/1  Ex=1486.599eV WF=4.000eV Ck=XL Det=MCD Ent=6x12mm Exit=4mm
3312
3333
3522
3603
3750
3909
3897
4280
4810
5350
5857
5928
5805
5042
4640
3909
3371
2979
2794
2669
2472
2546
2346
2371
2209
