Ag(111) limpa 3d e 3p
   371.00003   366.00003    -0.20000     1.00000     0.30000    26    30.0
LO MagPE 30.000KE/1  Ex=1486.599eV WF=4.000eV Ck=XL Det=MCD Ent=6x12mm Exit=4mm
2118
2180
2272
2575
2880
3386
4189
5348
6936
9464
12262
15104
17079
16895
14878
11644
7927
5251
3600
2611
2030
1702
1432
1389
1261
1191
   579.00006   567.00006    -0.50000     1.00000     0.30000    25    30.0
LO MagPE 30.000KE/1  Ex=1486.599eV WF=4.000eV Ck=XL Det=MCD Ent=6x12mm Exit=4mm
2645
2656
2821
2890
3003
3193
3395
3771
4288
4873
5612
5929
5815
5225
4536
3688
3343
2920
2641
2554
2298
2248
2197
2049
2133
