Ag(111) limpa 3d e 3p
   371.00003   366.00003    -0.20000     1.00000     0.30000    26    30.0
LO MagPE 30.000KE/1  Ex=1486.599eV WF=4.000eV Ck=XL Det=MCD Ent=6x12mm Exit=4mm
2067
2231
2443
2624
3083
3511
4522
5684
7585
9947
12982
15763
17420
16988
14616
11307
7776
5083
3447
2495
2095
1733
1466
1397
1258
1223
   579.00006   567.00006    -0.50000     1.00000     0.30000    25    30.0
LO MagPE 30.000KE/1  Ex=1486.599eV WF=4.000eV Ck=XL Det=MCD Ent=6x12mm Exit=4mm
2705
2815
2938
2969
3073
3248
3577
3931
4407
4994
5832
6196
6163
5437
4790
3807
3383
3006
2742
2541
2275
2246
2238
2171
2011
