Ag(111) limpa 3d e 3p
   371.00003   366.00003    -0.20000     1.00000     0.30000    26    30.0
LO MagPE 30.000KE/1  Ex=1486.599eV WF=4.000eV Ck=XL Det=MCD Ent=6x12mm Exit=4mm
4645
4811
5178
5520
6297
7157
8555
10637
13653
18092
24151
30281
35239
35833
32971
25650
17829
11882
7881
5850
4655
3940
3470
3178
2825
2840
   579.00006   567.00006    -0.50000     1.00000     0.30000    25    30.0
LO MagPE 30.000KE/1  Ex=1486.599eV WF=4.000eV Ck=XL Det=MCD Ent=6x12mm Exit=4mm
5585
5692
5718
6051
6347
6707
6851
7616
8468
9706
11039
11487
11314
10506
8765
7464
6530
5744
5233
4887
4608
4396
4263
4238
4088
