Ag(111) limpa 3d e 3p
   371.00003   366.00003    -0.20000     1.00000     0.30000    26    30.0
LO MagPE 30.000KE/1  Ex=1486.599eV WF=4.000eV Ck=XL Det=MCD Ent=6x12mm Exit=4mm
6040
6268
6922
7632
8601
9871
11911
15161
19593
26421
34479
42368
47410
48122
42509
33329
23191
15498
10361
7738
6165
5215
4625
4150
3820
3673
   579.00006   567.00006    -0.50000     1.00000     0.30000    25    30.0
LO MagPE 30.000KE/1  Ex=1486.599eV WF=4.000eV Ck=XL Det=MCD Ent=6x12mm Exit=4mm
7431
7694
7861
8129
8515
8912
9525
10227
11650
13269
14898
15807
15695
14175
12199
10475
8832
8095
7391
6773
6561
6249
6083
5908
5929
