Ag(111) limpa 3d e 3p
   371.00003   366.00003    -0.20000     1.00000     0.30000    26    30.0
LO MagPE 30.000KE/1  Ex=1486.599eV WF=4.000eV Ck=XL Det=MCD Ent=6x12mm Exit=4mm
2034
2166
2456
2639
2960
3411
4106
5184
6704
9088
11955
14770
16668
16946
14846
11597
7972
5329
3588
2693
1992
1706
1477
1364
1232
1181
   579.00006   567.00006    -0.50000     1.00000     0.30000    25    30.0
LO MagPE 30.000KE/1  Ex=1486.599eV WF=4.000eV Ck=XL Det=MCD Ent=6x12mm Exit=4mm
2529
2629
2560
2696
2740
2894
3093
3453
3831
4450
4861
5243
5053
4752
4085
3463
2894
2681
2441
2242
2166
2103
2008
1911
1892
