Ag(111) limpa 3d e 3p
   371.00003   366.00003    -0.20000     1.00000     0.30000    26    30.0
LO MagPE 30.000KE/1  Ex=1486.599eV WF=4.000eV Ck=XL Det=MCD Ent=6x12mm Exit=4mm
1844
1974
2185
2352
2796
3174
3802
4967
6606
8896
11426
13847
15436
15431
13413
10139
7172
4697
3215
2376
1985
1533
1388
1269
1151
1111
   579.00006   567.00006    -0.50000     1.00000     0.30000    25    30.0
LO MagPE 30.000KE/1  Ex=1486.599eV WF=4.000eV Ck=XL Det=MCD Ent=6x12mm Exit=4mm
2378
2432
2536
2717
2751
2893
3084
3323
3956
4278
4985
5465
5215
4848
4082
3481
2943
2613
2479
2273
2144
2035
2033
1997
1946
