Ag(111) limpa 3d e 3p
   371.00003   366.00003    -0.20000     1.00000     0.30000    26    30.0
LO MagPE 30.000KE/1  Ex=1486.599eV WF=4.000eV Ck=XL Det=MCD Ent=6x12mm Exit=4mm
1759
1842
1827
2107
2258
2602
2918
3679
4516
5910
7696
9547
10634
10996
9770
7513
5263
3718
2653
2087
1693
1477
1289
1191
1103
1139
   579.00006   567.00006    -0.50000     1.00000     0.30000    25    30.0
LO MagPE 30.000KE/1  Ex=1486.599eV WF=4.000eV Ck=XL Det=MCD Ent=6x12mm Exit=4mm
2922
3232
3289
3493
3499
3506
3710
3917
4373
4664
4723
4518
4340
3871
3306
2960
2642
2517
2291
2267
2185
2085
2065
2057
2030
