Ag(111) limpa 3d e 3p
   371.00003   366.00003    -0.20000     1.00000     0.30000    26    30.0
LO MagPE 30.000KE/1  Ex=1486.599eV WF=4.000eV Ck=XL Det=MCD Ent=6x12mm Exit=4mm
1624
1700
1918
2123
2337
2742
3249
4110
5414
7411
9358
11459
13036
12942
11258
8819
6048
4067
2712
2093
1649
1396
1215
1175
1005
979
   579.00006   567.00006    -0.50000     1.00000     0.30000    25    30.0
LO MagPE 30.000KE/1  Ex=1486.599eV WF=4.000eV Ck=XL Det=MCD Ent=6x12mm Exit=4mm
2444
2514
2514
2652
2727
2819
3070
3190
3485
4049
4582
4805
4685
4318
3727
3187
2786
2517
2437
2215
2097
2087
2041
2066
2020
