Ag(111) limpa 3d e 3p
   371.00003   366.00003    -0.20000     1.00000     0.30000    26    30.0
LO MagPE 30.000KE/1  Ex=1486.599eV WF=4.000eV Ck=XL Det=MCD Ent=6x12mm Exit=4mm
6051
6551
6914
7540
8655
9779
11728
14775
19204
25618
33879
41990
48146
48692
44167
34948
24085
15907
11065
8048
6257
5296
4569
4259
3920
3582
   579.00006   567.00006    -0.50000     1.00000     0.30000    25    30.0
LO MagPE 30.000KE/1  Ex=1486.599eV WF=4.000eV Ck=XL Det=MCD Ent=6x12mm Exit=4mm
7535
7816
7831
8268
8568
8905
9470
10681
12187
13742
15568
16816
16809
15013
12836
10732
9230
8226
7513
6820
6521
6247
5986
5779
5799
