Ag(111) limpa 3d e 3p
   371.00003   366.00003    -0.20000     1.00000     0.30000    26    30.0
LO MagPE 30.000KE/1  Ex=1486.599eV WF=4.000eV Ck=XL Det=MCD Ent=6x12mm Exit=4mm
5015
5158
5509
6107
6844
7866
9139
11666
15429
20078
26218
32357
36183
36645
32737
25161
17954
11874
8290
6118
4955
4140
3700
3456
3265
3085
   579.00006   567.00006    -0.50000     1.00000     0.30000    25    30.0
LO MagPE 30.000KE/1  Ex=1486.599eV WF=4.000eV Ck=XL Det=MCD Ent=6x12mm Exit=4mm
7146
7143
7288
7551
7679
8068
8423
9116
10144
11334
12503
13361
13334
12166
10676
9313
8114
7466
6900
6516
6241
6111
6095
5788
5895
