Ag(111) limpa 3d e 3p
   371.00003   366.00003    -0.20000     1.00000     0.30000    26    30.0
LO MagPE 30.000KE/1  Ex=1486.599eV WF=4.000eV Ck=XL Det=MCD Ent=6x12mm Exit=4mm
1981
1934
2166
2273
2588
2923
3478
4205
5408
7205
9111
11514
13018
12873
11567
8871
6129
4237
2926
2257
1803
1634
1427
1329
1207
1143
   579.00006   567.00006    -0.50000     1.00000     0.30000    25    30.0
LO MagPE 30.000KE/1  Ex=1486.599eV WF=4.000eV Ck=XL Det=MCD Ent=6x12mm Exit=4mm
3056
3079
3195
3166
3220
3409
3450
3785
4286
4609
4781
4841
4722
4267
3753
3271
2825
2626
2442
2292
2122
2069
2043
1992
1958
