Ag(111) limpa 3d e 3p
   371.00003   366.00003    -0.20000     1.00000     0.30000    26    30.0
LO MagPE 30.000KE/1  Ex=1486.599eV WF=4.000eV Ck=XL Det=MCD Ent=6x12mm Exit=4mm
2091
2350
2449
2730
3097
3623
4389
5479
7334
9966
12786
15828
17674
17668
15440
12046
8251
5473
3708
2721
2194
1777
1569
1431
1352
1199
   579.00006   567.00006    -0.50000     1.00000     0.30000    25    30.0
LO MagPE 30.000KE/1  Ex=1486.599eV WF=4.000eV Ck=XL Det=MCD Ent=6x12mm Exit=4mm
2620
2656
2787
2939
2852
3085
3416
3822
4159
4703
5356
5773
5646
5041
4314
3779
3185
2753
2531
2494
2280
2122
2125
2072
2032
