Ag(111) limpa 3d e 3p
   371.00003   366.00003    -0.20000     1.00000     0.30000    26    30.0
LO MagPE 30.000KE/1  Ex=1486.599eV WF=4.000eV Ck=XL Det=MCD Ent=6x12mm Exit=4mm
2566
2747
2845
3322
3600
4086
4978
6071
8124
10790
14339
17623
19138
19256
16934
12735
8465
5747
3968
3028
2460
2040
1909
1774
1676
1561
   579.00006   567.00006    -0.50000     1.00000     0.30000    25    30.0
LO MagPE 30.000KE/1  Ex=1486.599eV WF=4.000eV Ck=XL Det=MCD Ent=6x12mm Exit=4mm
3213
3349
3509
3691
3706
3879
4002
4490
5101
5685
6248
6757
6338
5796
4829
4152
3570
3215
2929
2631
2700
2486
2488
2438
2190
