Ag(111) limpa 3d e 3p
   371.00003   366.00003    -0.20000     1.00000     0.30000    26    30.0
LO MagPE 30.000KE/1  Ex=1486.599eV WF=4.000eV Ck=XL Det=MCD Ent=6x12mm Exit=4mm
2002
2139
2235
2350
2595
3008
3378
4403
5578
7252
9504
11675
13281
13712
11938
9406
6354
4315
3128
2278
1852
1596
1440
1356
1293
1180
   579.00006   567.00006    -0.50000     1.00000     0.30000    25    30.0
LO MagPE 30.000KE/1  Ex=1486.599eV WF=4.000eV Ck=XL Det=MCD Ent=6x12mm Exit=4mm
2982
3192
3193
3228
3409
3535
3577
3979
4297
4704
5129
5135
4863
4368
3807
3276
2867
2614
2416
2264
2212
2147
2137
2010
1997
