Ag(111) limpa 3d e 3p
   371.00003   366.00003    -0.20000     1.00000     0.30000    26    30.0
LO MagPE 30.000KE/1  Ex=1486.599eV WF=4.000eV Ck=XL Det=MCD Ent=6x12mm Exit=4mm
1888
1976
2069
2405
2740
3179
3844
4913
6681
8609
11627
13891
15440
15651
13462
10351
7025
4688
3268
2360
1901
1452
1320
1202
1057
1035
   579.00006   567.00006    -0.50000     1.00000     0.30000    25    30.0
LO MagPE 30.000KE/1  Ex=1486.599eV WF=4.000eV Ck=XL Det=MCD Ent=6x12mm Exit=4mm
2287
2307
2557
2616
2659
2812
2969
3182
3797
4375
4947
5277
5287
4703
3947
3364
2767
2584
2288
2155
2008
1970
1812
1902
1824
