Ag(111) limpa 3d e 3p
   371.00003   366.00003    -0.20000     1.00000     0.30000    26    30.0
LO MagPE 30.000KE/1  Ex=1486.599eV WF=4.000eV Ck=XL Det=MCD Ent=6x12mm Exit=4mm
1868
2054
2174
2398
2784
3281
3965
5024
6754
8965
11706
13927
15649
15442
13447
10137
7040
4652
3100
2389
1853
1559
1382
1220
1116
1094
   579.00006   567.00006    -0.50000     1.00000     0.30000    25    30.0
LO MagPE 30.000KE/1  Ex=1486.599eV WF=4.000eV Ck=XL Det=MCD Ent=6x12mm Exit=4mm
2528
2585
2592
2713
2871
3018
3280
3635
4037
4675
5242
5605
5494
4957
4152
3710
3019
2681
2485
2279
2204
2070
2060
1938
2031
