Ag(111) limpa 3d e 3p
   371.00003   366.00003    -0.20000     1.00000     0.30000    26    30.0
LO MagPE 30.000KE/1  Ex=1486.599eV WF=4.000eV Ck=XL Det=MCD Ent=6x12mm Exit=4mm
5564
5716
6070
6520
7358
8559
10220
12557
16574
22061
28863
36299
41066
41853
37738
29411
20538
13392
9240
6775
5566
4505
4034
3727
3387
3229
   579.00006   567.00006    -0.50000     1.00000     0.30000    25    30.0
LO MagPE 30.000KE/1  Ex=1486.599eV WF=4.000eV Ck=XL Det=MCD Ent=6x12mm Exit=4mm
7073
7283
7319
7737
8015
8320
8798
9504
10578
11918
13377
14292
14295
13144
11058
9593
8321
7523
6864
6483
6087
5828
5673
5637
5569
