Ag(111) limpa 3d e 3p
   371.00003   366.00003    -0.20000     1.00000     0.30000    26    30.0
LO MagPE 30.000KE/1  Ex=1486.599eV WF=4.000eV Ck=XL Det=MCD Ent=6x12mm Exit=4mm
1621
1673
1698
1850
2043
2237
2585
3260
4203
5512
7041
8706
9682
9609
8394
6576
4491
3079
2192
1749
1482
1216
1162
1071
1024
997
   579.00006   567.00006    -0.50000     1.00000     0.30000    25    30.0
LO MagPE 30.000KE/1  Ex=1486.599eV WF=4.000eV Ck=XL Det=MCD Ent=6x12mm Exit=4mm
2764
2783
2881
2969
3069
3055
3162
3321
3642
4008
4022
3932
3835
3375
2993
2700
2477
2259
2160
1975
1925
1916
1806
1925
1908
