Ag(111) limpa 3d e 3p
   371.00003   366.00003    -0.20000     1.00000     0.30000    26    30.0
LO MagPE 30.000KE/1  Ex=1486.599eV WF=4.000eV Ck=XL Det=MCD Ent=6x12mm Exit=4mm
4111
4212
4575
4819
5430
6088
7199
8950
11668
15249
20275
25061
28158
28433
25582
20229
14030
9416
6408
4820
3914
3330
2894
2701
2533
2405
   579.00006   567.00006    -0.50000     1.00000     0.30000    25    30.0
LO MagPE 30.000KE/1  Ex=1486.599eV WF=4.000eV Ck=XL Det=MCD Ent=6x12mm Exit=4mm
5520
5540
5688
5984
6195
6228
6741
7103
7925
8738
9553
10222
10064
9399
8160
7138
6116
5611
5073
4924
4667
4717
4522
4335
4416
