Ag(111) limpa 3d e 3p
   371.00003   366.00003    -0.20000     1.00000     0.30000    26    30.0
LO MagPE 30.000KE/1  Ex=1486.599eV WF=4.000eV Ck=XL Det=MCD Ent=6x12mm Exit=4mm
1904
2118
2246
2585
2870
3262
4172
5265
7124
9380
12611
15416
16935
17078
14905
11286
7797
5202
3443
2588
1985
1659
1415
1324
1191
1108
   579.00006   567.00006    -0.50000     1.00000     0.30000    25    30.0
LO MagPE 30.000KE/1  Ex=1486.599eV WF=4.000eV Ck=XL Det=MCD Ent=6x12mm Exit=4mm
2245
2440
2456
2533
2676
2770
3099
3451
3884
4418
4972
5404
5234
4783
4166
3382
2831
2567
2277
2118
2103
1927
1893
1832
1816
