Ag(111) limpa 3d e 3p
   371.00003   366.00003    -0.20000     1.00000     0.30000    26    30.0
LO MagPE 30.000KE/1  Ex=1486.599eV WF=4.000eV Ck=XL Det=MCD Ent=6x12mm Exit=4mm
5790
6076
6542
7070
7880
9368
11183
14237
18488
24590
31698
39151
43641
44353
38991
30341
21138
14121
9673
7298
5686
4795
4209
3895
3739
3479
   579.00006   567.00006    -0.50000     1.00000     0.30000    25    30.0
LO MagPE 30.000KE/1  Ex=1486.599eV WF=4.000eV Ck=XL Det=MCD Ent=6x12mm Exit=4mm
7627
7655
7896
8223
8569
8946
9442
10426
11509
13205
14652
15648
15693
13962
12187
10447
9130
8206
7448
6955
6719
6612
6216
6092
6024
