Ag(111) limpa 3d e 3p
   371.00003   366.00003    -0.20000     1.00000     0.30000    26    30.0
LO MagPE 30.000KE/1  Ex=1486.599eV WF=4.000eV Ck=XL Det=MCD Ent=6x12mm Exit=4mm
1984
2121
2211
2410
2836
3450
4133
5317
7015
9478
12457
15179
16797
16824
14907
11193
7681
5034
3396
2478
2023
1662
1440
1196
1169
1173
   579.00006   567.00006    -0.50000     1.00000     0.30000    25    30.0
LO MagPE 30.000KE/1  Ex=1486.599eV WF=4.000eV Ck=XL Det=MCD Ent=6x12mm Exit=4mm
2218
2391
2594
2622
2792
2839
3113
3398
3891
4471
5255
5433
5363
4928
4026
3482
2931
2549
2325
2183
2122
1978
1933
1867
1854
