Ag(111) limpa 3d e 3p
   371.00003   366.00003    -0.20000     1.00000     0.30000    26    30.0
LO MagPE 30.000KE/1  Ex=1486.599eV WF=4.000eV Ck=XL Det=MCD Ent=6x12mm Exit=4mm
6150
6500
6945
7426
8503
9981
12198
15323
19888
26832
35479
43172
48101
48079
42193
32905
22745
15121
10447
7646
6067
5042
4533
4060
3760
3468
   579.00006   567.00006    -0.50000     1.00000     0.30000    25    30.0
LO MagPE 30.000KE/1  Ex=1486.599eV WF=4.000eV Ck=XL Det=MCD Ent=6x12mm Exit=4mm
7909
8091
8277
8675
9118
9103
9972
10990
11914
14034
15748
17058
16508
15022
12948
11090
9553
8516
7876
7389
6907
6677
6610
6438
6107
