Ag(111) limpa 3d e 3p
   371.00003   366.00003    -0.20000     1.00000     0.30000    26    30.0
LO MagPE 30.000KE/1  Ex=1486.599eV WF=4.000eV Ck=XL Det=MCD Ent=6x12mm Exit=4mm
6042
6184
6657
7196
8421
9424
11223
14223
18960
25463
32995
40892
45476
45953
41015
32061
22276
14652
10210
7495
6072
5065
4378
3905
3778
3538
   579.00006   567.00006    -0.50000     1.00000     0.30000    25    30.0
LO MagPE 30.000KE/1  Ex=1486.599eV WF=4.000eV Ck=XL Det=MCD Ent=6x12mm Exit=4mm
7582
7797
8009
8201
8579
8946
9458
10351
11649
13326
15006
15935
15755
14251
12288
10406
9189
8210
7497
6787
6585
6201
6104
6006
5828
