Ag(111) limpa 3d e 3p
   371.00003   366.00003    -0.20000     1.00000     0.30000    26    30.0
LO MagPE 30.000KE/1  Ex=1486.599eV WF=4.000eV Ck=XL Det=MCD Ent=6x12mm Exit=4mm
1804
1902
2172
2363
2641
3124
3803
4754
6356
8421
11073
13614
14846
14711
12858
9891
6996
4451
3123
2327
1852
1476
1327
1256
1136
1070
   579.00006   567.00006    -0.50000     1.00000     0.30000    25    30.0
LO MagPE 30.000KE/1  Ex=1486.599eV WF=4.000eV Ck=XL Det=MCD Ent=6x12mm Exit=4mm
2519
2593
2658
2723
2813
3035
2983
3495
3770
4261
4861
5102
5085
4592
3964
3423
3060
2818
2507
2316
2159
2141
2028
2107
2002
