Ag(111) limpa 3d e 3p
   371.00003   366.00003    -0.20000     1.00000     0.30000    26    30.0
LO MagPE 30.000KE/1  Ex=1486.599eV WF=4.000eV Ck=XL Det=MCD Ent=6x12mm Exit=4mm
3903
4206
4449
4793
5407
6205
7175
8855
11789
15305
20542
25012
28758
29738
26737
20420
14430
9362
6569
4954
3883
3325
2870
2684
2464
2361
   579.00006   567.00006    -0.50000     1.00000     0.30000    25    30.0
LO MagPE 30.000KE/1  Ex=1486.599eV WF=4.000eV Ck=XL Det=MCD Ent=6x12mm Exit=4mm
5133
5347
5372
5548
5724
6113
6304
6804
7747
8523
9566
10166
10145
8838
7829
6558
5691
5157
4606
4245
4214
3921
3937
3875
3690
