Ag(111) limpa 3d e 3p
   371.00003   366.00003    -0.20000     1.00000     0.30000    26    30.0
LO MagPE 30.000KE/1  Ex=1486.599eV WF=4.000eV Ck=XL Det=MCD Ent=6x12mm Exit=4mm
1890
2044
2165
2431
2739
3221
3849
5051
6360
8719
11465
14084
15794
15622
13799
10782
7398
4871
3380
2394
1917
1653
1396
1242
1139
1156
   579.00006   567.00006    -0.50000     1.00000     0.30000    25    30.0
LO MagPE 30.000KE/1  Ex=1486.599eV WF=4.000eV Ck=XL Det=MCD Ent=6x12mm Exit=4mm
2520
2564
2640
2765
2847
3078
3167
3622
3953
4666
5105
5351
5221
4934
4157
3591
3192
2831
2613
2393
2245
2197
2076
2036
1909
