Ag(111) limpa 3d e 3p
   371.00003   366.00003    -0.20000     1.00000     0.30000    26    30.0
LO MagPE 30.000KE/1  Ex=1486.599eV WF=4.000eV Ck=XL Det=MCD Ent=6x12mm Exit=4mm
1959
2174
2246
2304
2573
3014
3482
4259
5495
7214
9432
11911
13560
13770
12152
9587
6704
4411
3065
2339
1964
1681
1493
1365
1225
1292
   579.00006   567.00006    -0.50000     1.00000     0.30000    25    30.0
LO MagPE 30.000KE/1  Ex=1486.599eV WF=4.000eV Ck=XL Det=MCD Ent=6x12mm Exit=4mm
2860
2879
3022
3040
3126
3192
3457
3542
3907
4248
4725
5000
4808
4336
3878
3286
2912
2725
2590
2396
2328
2190
2215
2171
2122
