Ag(111) limpa 3d e 3p
   371.00003   366.00003    -0.20000     1.00000     0.30000    26    30.0
LO MagPE 30.000KE/1  Ex=1486.599eV WF=4.000eV Ck=XL Det=MCD Ent=6x12mm Exit=4mm
3952
4329
4680
4750
5382
6226
7115
9018
11556
15232
19999
24661
28015
29153
25736
20211
14170
9466
6576
4973
3917
3337
3036
2792
2495
2448
   579.00006   567.00006    -0.50000     1.00000     0.30000    25    30.0
LO MagPE 30.000KE/1  Ex=1486.599eV WF=4.000eV Ck=XL Det=MCD Ent=6x12mm Exit=4mm
5425
5761
5642
5939
6141
6369
6775
7234
7894
8903
9897
10638
10190
9205
8079
7110
6230
5557
5068
4847
4667
4513
4434
4179
4162
