Ag(111) limpa 3d e 3p
   371.00003   366.00003    -0.20000     1.00000     0.30000    26    30.0
LO MagPE 30.000KE/1  Ex=1486.599eV WF=4.000eV Ck=XL Det=MCD Ent=6x12mm Exit=4mm
3939
3808
4047
4370
4850
5449
6597
8203
10468
13742
17791
22050
25689
26307
24008
19259
13249
8934
6252
4644
3793
3187
2912
2532
2426
2397
   579.00006   567.00006    -0.50000     1.00000     0.30000    25    30.0
LO MagPE 30.000KE/1  Ex=1486.599eV WF=4.000eV Ck=XL Det=MCD Ent=6x12mm Exit=4mm
5103
5457
5579
5624
5825
5936
6268
6816
7629
8332
9131
9513
9419
8435
7521
6353
5698
5063
4650
4465
4211
4188
4045
3888
3841
