Ag(111) limpa 3d e 3p
   371.00003   366.00003    -0.20000     1.00000     0.30000    26    30.0
LO MagPE 30.000KE/1  Ex=1486.599eV WF=4.000eV Ck=XL Det=MCD Ent=6x12mm Exit=4mm
4490
4693
4859
5484
6013
6964
8182
10283
13251
17649
22903
28460
31944
32224
29133
22782
15866
10864
7197
5500
4353
3739
3309
3017
2883
2703
   579.00006   567.00006    -0.50000     1.00000     0.30000    25    30.0
LO MagPE 30.000KE/1  Ex=1486.599eV WF=4.000eV Ck=XL Det=MCD Ent=6x12mm Exit=4mm
6077
6275
6432
6717
6718
7082
7463
8208
8909
10016
10906
11866
11737
10741
9198
7926
7043
6278
5892
5601
5476
5239
5098
5069
4821
