Ag(111) limpa 3d e 3p
   371.00003   366.00003    -0.20000     1.00000     0.30000    26    30.0
LO MagPE 30.000KE/1  Ex=1486.599eV WF=4.000eV Ck=XL Det=MCD Ent=6x12mm Exit=4mm
5044
5408
5918
6237
7094
8173
9811
12192
15738
20694
27361
33941
38449
38736
34876
27483
19358
12710
8765
6618
5241
4390
3769
3649
3324
3153
   579.00006   567.00006    -0.50000     1.00000     0.30000    25    30.0
LO MagPE 30.000KE/1  Ex=1486.599eV WF=4.000eV Ck=XL Det=MCD Ent=6x12mm Exit=4mm
6818
6886
7365
7446
7663
8046
8346
9160
10413
11616
13030
13873
13826
12557
10771
9314
8029
7077
6686
6223
5929
5666
5611
5439
5506
