Ag(111) limpa 3d e 3p
   371.00003   366.00003    -0.20000     1.00000     0.30000    26    30.0
LO MagPE 30.000KE/1  Ex=1486.599eV WF=4.000eV Ck=XL Det=MCD Ent=6x12mm Exit=4mm
1531
1598
1810
1905
2186
2571
3098
4111
5310
7183
9411
11206
12640
12338
10872
8425
5742
3819
2606
1994
1573
1293
1134
1002
965
908
   579.00006   567.00006    -0.50000     1.00000     0.30000    25    30.0
LO MagPE 30.000KE/1  Ex=1486.599eV WF=4.000eV Ck=XL Det=MCD Ent=6x12mm Exit=4mm
2071
2226
2273
2343
2475
2513
2651
2960
3329
3672
4278
4489
4463
4007
3410
3015
2506
2255
2208
2023
1868
1873
1775
1705
1779
