Ag(111) limpa 3d e 3p
   371.00003   366.00003    -0.20000     1.00000     0.30000    26    30.0
LO MagPE 30.000KE/1  Ex=1486.599eV WF=4.000eV Ck=XL Det=MCD Ent=6x12mm Exit=4mm
1802
1964
2111
2409
2557
3022
3753
4725
6195
8373
10735
13153
14661
14400
12679
9682
6620
4500
3074
2268
1866
1458
1278
1212
1076
1010
   579.00006   567.00006    -0.50000     1.00000     0.30000    25    30.0
LO MagPE 30.000KE/1  Ex=1486.599eV WF=4.000eV Ck=XL Det=MCD Ent=6x12mm Exit=4mm
2628
2605
2675
2718
2843
2922
3113
3391
3842
4517
4846
5152
5009
4708
3889
3468
3016
2661
2486
2376
2208
2238
2113
2096
2063
