Ag(111) limpa 3d e 3p
   371.00003   366.00003    -0.20000     1.00000     0.30000    26    30.0
LO MagPE 30.000KE/1  Ex=1486.599eV WF=4.000eV Ck=XL Det=MCD Ent=6x12mm Exit=4mm
1987
2143
2343
2593
2954
3403
4284
5376
7038
9613
12399
15368
17067
17099
15005
11392
7922
5325
3608
2640
2095
1698
1484
1370
1221
1157
   579.00006   567.00006    -0.50000     1.00000     0.30000    25    30.0
LO MagPE 30.000KE/1  Ex=1486.599eV WF=4.000eV Ck=XL Det=MCD Ent=6x12mm Exit=4mm
2685
2682
2798
2837
2959
3169
3329
3635
4113
4766
5422
5863
5820
5197
4266
3661
3365
2839
2607
2519
2330
2194
2225
2122
2115
