Ag(111) limpa 3d e 3p
   371.00003   366.00003    -0.20000     1.00000     0.30000    26    30.0
LO MagPE 30.000KE/1  Ex=1486.599eV WF=4.000eV Ck=XL Det=MCD Ent=6x12mm Exit=4mm
1668
1674
1931
1937
2195
2506
2872
3487
4491
5736
7418
9260
10449
10548
9351
7376
5111
3374
2510
1854
1612
1366
1263
1086
1103
1042
   579.00006   567.00006    -0.50000     1.00000     0.30000    25    30.0
LO MagPE 30.000KE/1  Ex=1486.599eV WF=4.000eV Ck=XL Det=MCD Ent=6x12mm Exit=4mm
2678
2801
2821
2915
2899
3088
3141
3419
3595
3901
4062
4223
3991
3620
3251
2850
2676
2422
2244
2242
2157
2021
2024
1920
1985
