Ag(111) limpa 3d e 3p
   371.00003   366.00003    -0.20000     1.00000     0.30000    26    30.0
LO MagPE 30.000KE/1  Ex=1486.599eV WF=4.000eV Ck=XL Det=MCD Ent=6x12mm Exit=4mm
4761
5092
5411
5775
6532
7321
8610
10797
14055
18488
24258
29993
34391
35210
31903
25221
17666
11939
7998
5973
4895
4119
3565
3269
2946
3029
   579.00006   567.00006    -0.50000     1.00000     0.30000    25    30.0
LO MagPE 30.000KE/1  Ex=1486.599eV WF=4.000eV Ck=XL Det=MCD Ent=6x12mm Exit=4mm
6630
6857
6841
7046
7322
7686
8057
8659
9593
10820
12032
12821
12716
11390
10193
8602
7713
6802
6352
5877
5693
5636
5374
5245
5343
