Ag(111) limpa 3d e 3p
   371.00003   366.00003    -0.20000     1.00000     0.30000    26    30.0
LO MagPE 30.000KE/1  Ex=1486.599eV WF=4.000eV Ck=XL Det=MCD Ent=6x12mm Exit=4mm
4800
5151
5529
6099
6942
7771
9449
11753
15285
20160
26215
31858
36658
36360
32949
25515
18441
11887
8239
6128
5798
4171
3624
3469
3106
3088
   579.00006   567.00006    -0.50000     1.00000     0.30000    25    30.0
LO MagPE 30.000KE/1  Ex=1486.599eV WF=4.000eV Ck=XL Det=MCD Ent=6x12mm Exit=4mm
7198
7405
7616
7534
8003
8084
8538
9319
10311
11560
12937
13558
13477
12292
10771
9497
8354
7614
7008
6647
6465
6130
6119
5868
5857
