Ag(111) limpa 3d e 3p
   371.00003   366.00003    -0.20000     1.00000     0.30000    26    30.0
LO MagPE 30.000KE/1  Ex=1486.599eV WF=4.000eV Ck=XL Det=MCD Ent=6x12mm Exit=4mm
5358
5655
5931
6604
7263
8303
9947
12823
16584
21908
28468
35152
40097
40256
36118
28186
19657
12970
9001
6897
5446
4472
4031
3592
3291
3260
   579.00006   567.00006    -0.50000     1.00000     0.30000    25    30.0
LO MagPE 30.000KE/1  Ex=1486.599eV WF=4.000eV Ck=XL Det=MCD Ent=6x12mm Exit=4mm
7039
7168
7376
7475
7758
8164
8544
9435
10245
11782
13243
14103
14139
12835
10949
9228
8165
7454
6912
6310
6043
5852
5724
5577
5640
