Ag(111) limpa 3d e 3p
   371.00003   366.00003    -0.20000     1.00000     0.30000    26    30.0
LO MagPE 30.000KE/1  Ex=1486.599eV WF=4.000eV Ck=XL Det=MCD Ent=6x12mm Exit=4mm
4115
4390
4472
4873
5431
6297
7515
9070
11886
15390
20394
25124
28511
28993
26590
20852
14617
9601
6822
5107
4093
3514
3131
2866
2693
2489
   579.00006   567.00006    -0.50000     1.00000     0.30000    25    30.0
LO MagPE 30.000KE/1  Ex=1486.599eV WF=4.000eV Ck=XL Det=MCD Ent=6x12mm Exit=4mm
5991
6073
6259
6395
6614
6828
7219
7867
8503
9584
10638
11314
11456
10286
8889
7631
6806
6130
5733
5324
5098
5036
4875
4728
4715
