Ag(111) limpa 3d e 3p
   371.00003   366.00003    -0.20000     1.00000     0.30000    26    30.0
LO MagPE 30.000KE/1  Ex=1486.599eV WF=4.000eV Ck=XL Det=MCD Ent=6x12mm Exit=4mm
1689
1740
1868
2111
2377
2654
3344
4144
5561
7478
9775
12046
13121
13215
11492
8576
6026
4081
2735
2054
1696
1381
1141
1083
950
972
   579.00006   567.00006    -0.50000     1.00000     0.30000    25    30.0
LO MagPE 30.000KE/1  Ex=1486.599eV WF=4.000eV Ck=XL Det=MCD Ent=6x12mm Exit=4mm
2264
2249
2331
2345
2433
2628
2730
3075
3379
3859
4313
4633
4622
4057
3613
3075
2689
2350
2305
2067
1985
1890
1781
1766
1702
