Ag(111) limpa 3d e 3p
   371.00003   366.00003    -0.20000     1.00000     0.30000    26    30.0
LO MagPE 30.000KE/1  Ex=1486.599eV WF=4.000eV Ck=XL Det=MCD Ent=6x12mm Exit=4mm
3955
4157
4301
4717
5173
5786
6905
8735
11046
14586
18943
23095
26486
27079
24581
19247
13672
9176
6379
4863
3836
3312
2913
2692
2490
2495
   579.00006   567.00006    -0.50000     1.00000     0.30000    25    30.0
LO MagPE 30.000KE/1  Ex=1486.599eV WF=4.000eV Ck=XL Det=MCD Ent=6x12mm Exit=4mm
5700
5825
5895
6154
6197
6547
6941
7319
8131
8972
9973
10463
10040
9490
8098
7213
6385
5705
5463
5058
4866
4800
4659
4574
4524
