Ag(111) limpa 3d e 3p
   371.00003   366.00003    -0.20000     1.00000     0.30000    26    30.0
LO MagPE 30.000KE/1  Ex=1486.599eV WF=4.000eV Ck=XL Det=MCD Ent=6x12mm Exit=4mm
6401
6774
7504
8143
9221
10534
12538
15876
21029
27927
36814
44832
51030
52078
46140
36292
24977
16548
11335
8292
6575
5562
4822
4406
3961
3681
   579.00006   567.00006    -0.50000     1.00000     0.30000    25    30.0
LO MagPE 30.000KE/1  Ex=1486.599eV WF=4.000eV Ck=XL Det=MCD Ent=6x12mm Exit=4mm
7849
7985
8086
8412
8683
9120
9826
10682
12053
13794
15660
16796
16786
14972
12962
10927
9431
8215
7643
7002
6663
6457
6065
5902
5967
