Ag(111) limpa 3d e 3p
   371.00003   366.00003    -0.20000     1.00000     0.30000    26    30.0
LO MagPE 30.000KE/1  Ex=1486.599eV WF=4.000eV Ck=XL Det=MCD Ent=6x12mm Exit=4mm
1531
1680
1727
1881
2124
2520
3148
3907
5129
6935
8887
10944
12050
12091
10579
8094
5912
3839
2615
1923
1510
1302
1172
1043
954
886
   579.00006   567.00006    -0.50000     1.00000     0.30000    25    30.0
LO MagPE 30.000KE/1  Ex=1486.599eV WF=4.000eV Ck=XL Det=MCD Ent=6x12mm Exit=4mm
2246
2379
2386
2496
2556
2729
2928
3190
3539
4068
4483
4800
4874
4347
3776
3199
2785
2580
2233
2187
1983
2006
1948
1853
1886
