Ag(111) limpa 3d e 3p
   371.00003   366.00003    -0.20000     1.00000     0.30000    26    30.0
LO MagPE 30.000KE/1  Ex=1486.599eV WF=4.000eV Ck=XL Det=MCD Ent=6x12mm Exit=4mm
5119
5427
5746
6155
6964
7962
9443
11838
15734
20637
26817
32563
36816
37448
32958
25546
17983
12097
8289
6270
5051
4289
3915
3392
3194
3160
   579.00006   567.00006    -0.50000     1.00000     0.30000    25    30.0
LO MagPE 30.000KE/1  Ex=1486.599eV WF=4.000eV Ck=XL Det=MCD Ent=6x12mm Exit=4mm
7079
7392
7538
7719
7917
8263
8635
9395
10582
11826
13153
13972
13700
12589
10788
9509
8213
7587
7144
6606
6349
6103
5822
5765
5754
