Ag(111) limpa 3d e 3p
   371.00003   366.00003    -0.20000     1.00000     0.30000    26    30.0
LO MagPE 30.000KE/1  Ex=1486.599eV WF=4.000eV Ck=XL Det=MCD Ent=6x12mm Exit=4mm
2251
2229
2322
2727
3056
3557
4328
5722
7289
9831
12924
15697
17662
17760
15736
11869
8218
5439
3733
2653
2087
1853
1548
1413
1194
1268
   579.00006   567.00006    -0.50000     1.00000     0.30000    25    30.0
LO MagPE 30.000KE/1  Ex=1486.599eV WF=4.000eV Ck=XL Det=MCD Ent=6x12mm Exit=4mm
2778
2644
2831
2872
3140
3225
3507
3747
4480
4989
5714
6012
5976
5364
4633
3885
3221
2946
2676
2430
2317
2245
2100
2182
2066
