Ag(111) limpa 3d e 3p
   371.00003   366.00003    -0.20000     1.00000     0.30000    26    30.0
LO MagPE 30.000KE/1  Ex=1486.599eV WF=4.000eV Ck=XL Det=MCD Ent=6x12mm Exit=4mm
4990
5153
5605
5987
6543
7580
9181
11092
14499
19199
25308
31416
36318
37430
33803
27270
19052
12668
8553
6387
5026
4375
3691
3480
3268
3046
   579.00006   567.00006    -0.50000     1.00000     0.30000    25    30.0
LO MagPE 30.000KE/1  Ex=1486.599eV WF=4.000eV Ck=XL Det=MCD Ent=6x12mm Exit=4mm
6626
6949
7025
7150
7473
7735
8081
8935
9761
11047
12441
13259
13112
12142
10356
8933
7735
7145
6523
6105
5750
5674
5223
5235
5305
