Ag(111) limpa 3d e 3p
   371.00003   366.00003    -0.20000     1.00000     0.30000    26    30.0
LO MagPE 30.000KE/1  Ex=1486.599eV WF=4.000eV Ck=XL Det=MCD Ent=6x12mm Exit=4mm
3623
3806
3721
4208
4664
5363
6205
7545
9689
12829
16690
21059
24103
25008
22525
17682
12529
8286
5854
4263
3521
3069
2656
2500
2317
2150
   579.00006   567.00006    -0.50000     1.00000     0.30000    25    30.0
LO MagPE 30.000KE/1  Ex=1486.599eV WF=4.000eV Ck=XL Det=MCD Ent=6x12mm Exit=4mm
5053
5081
5162
5184
5469
5711
5853
6340
6763
7639
8349
8734
8432
7971
7080
6164
5409
4971
4673
4392
4359
4049
3967
3885
3921
