Ag(111) limpa 3d e 3p
   371.00003   366.00003    -0.20000     1.00000     0.30000    26    30.0
LO MagPE 30.000KE/1  Ex=1486.599eV WF=4.000eV Ck=XL Det=MCD Ent=6x12mm Exit=4mm
1745
1813
1922
2184
2445
2753
3535
4299
5634
7562
9995
12310
13732
13549
12336
9486
6424
4445
2938
2202
1762
1497
1292
1121
1094
1038
   579.00006   567.00006    -0.50000     1.00000     0.30000    25    30.0
LO MagPE 30.000KE/1  Ex=1486.599eV WF=4.000eV Ck=XL Det=MCD Ent=6x12mm Exit=4mm
2380
2450
2584
2705
2685
2868
3005
3194
3681
4035
4593
4977
4783
4451
3734
3294
2956
2642
2412
2302
2161
2167
2050
1998
1943
