Ag(111) limpa 3d e 3p
   371.00003   366.00003    -0.20000     1.00000     0.30000    26    30.0
LO MagPE 30.000KE/1  Ex=1486.599eV WF=4.000eV Ck=XL Det=MCD Ent=6x12mm Exit=4mm
4804
4992
5340
5859
6365
7352
8812
11073
14342
18634
24503
30259
34542
35042
31623
25254
17749
11906
8189
6115
4797
4062
3621
3408
3040
3024
   579.00006   567.00006    -0.50000     1.00000     0.30000    25    30.0
LO MagPE 30.000KE/1  Ex=1486.599eV WF=4.000eV Ck=XL Det=MCD Ent=6x12mm Exit=4mm
6505
6663
6935
7102
7324
7582
7984
8683
9778
10955
12232
12940
12754
11695
10313
8691
7594
6824
6433
6028
5777
5523
5298
5385
5155
