Ag(111) limpa 3d e 3p
   371.00003   366.00003    -0.20000     1.00000     0.30000    26    30.0
LO MagPE 30.000KE/1  Ex=1486.599eV WF=4.000eV Ck=XL Det=MCD Ent=6x12mm Exit=4mm
7670
8108
8666
9586
10834
12634
15253
19916
26125
35263
45713
56409
63257
63496
56139
42977
29851
19649
13359
10052
7627
6499
5574
5048
4673
4490
   579.00006   567.00006    -0.50000     1.00000     0.30000    25    30.0
LO MagPE 30.000KE/1  Ex=1486.599eV WF=4.000eV Ck=XL Det=MCD Ent=6x12mm Exit=4mm
8753
9012
9264
9738
10116
10746
11707
13269
14944
17761
20086
22097
21866
19258
16344
13539
11184
9794
8889
7953
7364
7083
6765
6573
6292
