Ag(111) limpa 3d e 3p
   371.00003   366.00003    -0.20000     1.00000     0.30000    26    30.0
LO MagPE 30.000KE/1  Ex=1486.599eV WF=4.000eV Ck=XL Det=MCD Ent=6x12mm Exit=4mm
4593
5007
5153
5730
6315
7433
8766
10773
13951
18551
24045
29850
34198
35203
31635
25066
17454
11889
8112
6044
4801
4043
3719
3209
3024
2968
   579.00006   567.00006    -0.50000     1.00000     0.30000    25    30.0
LO MagPE 30.000KE/1  Ex=1486.599eV WF=4.000eV Ck=XL Det=MCD Ent=6x12mm Exit=4mm
6728
6939
7071
7296
7422
7903
8372
8933
10151
11484
12804
13892
13715
12457
10680
9044
7684
7145
6510
6106
5743
5632
5469
5163
5340
