Ag(111) limpa 3d e 3p
   371.00003   366.00003    -0.20000     1.00000     0.30000    26    30.0
LO MagPE 30.000KE/1  Ex=1486.599eV WF=4.000eV Ck=XL Det=MCD Ent=6x12mm Exit=4mm
3283
3456
3655
3784
4327
4806
5776
7054
9257
12154
15863
19554
22407
23221
20882
16385
11599
7571
5410
4098
3346
2766
2408
2295
2117
2035
   579.00006   567.00006    -0.50000     1.00000     0.30000    25    30.0
LO MagPE 30.000KE/1  Ex=1486.599eV WF=4.000eV Ck=XL Det=MCD Ent=6x12mm Exit=4mm
4854
4985
5079
5328
5351
5671
5935
6252
6863
7820
8522
8813
8854
7878
6724
5882
5296
4675
4379
4118
3966
3787
3663
3796
3525
