Ag(111) limpa 3d e 3p
   371.00003   366.00003    -0.20000     1.00000     0.30000    26    30.0
LO MagPE 30.000KE/1  Ex=1486.599eV WF=4.000eV Ck=XL Det=MCD Ent=6x12mm Exit=4mm
4715
5023
5335
5671
6272
7318
8718
10743
13893
18375
23916
29952
34466
35439
32141
25168
17444
11761
8095
6069
4671
4041
3511
3193
3074
2809
   579.00006   567.00006    -0.50000     1.00000     0.30000    25    30.0
LO MagPE 30.000KE/1  Ex=1486.599eV WF=4.000eV Ck=XL Det=MCD Ent=6x12mm Exit=4mm
6041
6157
6331
6534
6723
6955
7438
7804
8895
9980
11145
11810
11492
10733
9241
7814
6934
6329
5781
5434
5210
4994
4800
4693
4659
