Ag(111) limpa 3d e 3p
   371.00003   366.00003    -0.20000     1.00000     0.30000    26    30.0
LO MagPE 30.000KE/1  Ex=1486.599eV WF=4.000eV Ck=XL Det=MCD Ent=6x12mm Exit=4mm
1607
1794
1880
2059
2311
2836
3354
4239
5537
7445
9728
12035
13142
13255
11674
8925
6311
4055
2759
2185
1610
1356
1256
1089
996
967
   579.00006   567.00006    -0.50000     1.00000     0.30000    25    30.0
LO MagPE 30.000KE/1  Ex=1486.599eV WF=4.000eV Ck=XL Det=MCD Ent=6x12mm Exit=4mm
2369
2441
2570
2626
2815
2912
2900
3246
3564
4034
4548
4785
4755
4237
3808
3208
2900
2595
2458
2198
2250
2105
2057
1994
2023
