Ag(111) limpa 3d e 3p
   371.00003   366.00003    -0.20000     1.00000     0.30000    26    30.0
LO MagPE 30.000KE/1  Ex=1486.599eV WF=4.000eV Ck=XL Det=MCD Ent=6x12mm Exit=4mm
1711
1799
2015
2095
2456
2970
3630
4443
5834
7853
10436
12707
14137
14027
12538
9509
6710
4405
2900
2204
1767
1425
1216
1178
1123
987
   579.00006   567.00006    -0.50000     1.00000     0.30000    25    30.0
LO MagPE 30.000KE/1  Ex=1486.599eV WF=4.000eV Ck=XL Det=MCD Ent=6x12mm Exit=4mm
2516
2485
2504
2675
2664
2868
3093
3403
3846
4314
4946
5166
5290
4660
4001
3427
2883
2735
2444
2293
2134
2107
2093
1987
1941
