Ag(111) limpa 3d e 3p
   371.00003   366.00003    -0.20000     1.00000     0.30000    26    30.0
LO MagPE 30.000KE/1  Ex=1486.599eV WF=4.000eV Ck=XL Det=MCD Ent=6x12mm Exit=4mm
1961
2070
2256
2380
2783
3095
3839
4999
6741
8936
11476
13942
15612
15280
13649
10434
7198
4878
3318
2366
1998
1614
1413
1232
1182
1092
   579.00006   567.00006    -0.50000     1.00000     0.30000    25    30.0
LO MagPE 30.000KE/1  Ex=1486.599eV WF=4.000eV Ck=XL Det=MCD Ent=6x12mm Exit=4mm
2597
2754
2704
2934
3007
3156
3259
3692
4220
4698
5323
5977
5889
5139
4555
3791
3164
2852
2608
2285
2215
2168
2168
2129
1966
