Ag(111) limpa 3d e 3p
   371.00003   366.00003    -0.20000     1.00000     0.30000    26    30.0
LO MagPE 30.000KE/1  Ex=1486.599eV WF=4.000eV Ck=XL Det=MCD Ent=6x12mm Exit=4mm
1686
1841
1960
2228
2538
2911
3490
4505
5713
7737
9988
12262
13562
13596
11721
9062
6350
4160
3019
2229
1740
1485
1316
1124
1122
1041
   579.00006   567.00006    -0.50000     1.00000     0.30000    25    30.0
LO MagPE 30.000KE/1  Ex=1486.599eV WF=4.000eV Ck=XL Det=MCD Ent=6x12mm Exit=4mm
2473
2540
2547
2610
2854
2831
3026
3268
3771
3951
4590
4819
4729
4300
3753
3317
2917
2697
2425
2263
2212
2099
1960
2077
2038
