Ag(111) limpa 3d e 3p
   371.00003   366.00003    -0.20000     1.00000     0.30000    26    30.0
LO MagPE 30.000KE/1  Ex=1486.599eV WF=4.000eV Ck=XL Det=MCD Ent=6x12mm Exit=4mm
5038
5245
5682
6079
6790
7752
9247
11664
15124
20011
26019
32146
36564
36903
33841
26478
18606
12463
8605
6418
5142
4307
3675
3430
3118
3032
   579.00006   567.00006    -0.50000     1.00000     0.30000    25    30.0
LO MagPE 30.000KE/1  Ex=1486.599eV WF=4.000eV Ck=XL Det=MCD Ent=6x12mm Exit=4mm
7105
7225
7592
7744
8163
8473
8850
9726
10796
12487
13767
14721
14700
13228
11323
9676
8514
7600
7013
6432
6198
5892
5713
5628
5596
