Ag(111) limpa 3d e 3p
   371.00003   366.00003    -0.20000     1.00000     0.30000    26    30.0
LO MagPE 30.000KE/1  Ex=1486.599eV WF=4.000eV Ck=XL Det=MCD Ent=6x12mm Exit=4mm
2086
2260
2417
2603
3049
3480
4386
5542
7407
9916
12800
15623
17505
17224
14987
11473
7816
5195
3498
2602
2030
1672
1469
1322
1250
1153
   579.00006   567.00006    -0.50000     1.00000     0.30000    25    30.0
LO MagPE 30.000KE/1  Ex=1486.599eV WF=4.000eV Ck=XL Det=MCD Ent=6x12mm Exit=4mm
2492
2515
2649
2811
2770
2958
3201
3549
4165
4786
5411
5833
5648
5007
4282
3734
3149
2708
2523
2338
2170
2090
2012
1891
1898
