Ag(111) limpa 3d e 3p
   371.00003   366.00003    -0.20000     1.00000     0.30000    26    30.0
LO MagPE 30.000KE/1  Ex=1486.599eV WF=4.000eV Ck=XL Det=MCD Ent=6x12mm Exit=4mm
5177
5313
5809
6369
7056
8263
9656
12092
15707
20780
26962
33437
38205
39212
35308
27662
19207
12865
8793
6524
5418
4553
3959
3537
3269
3116
   579.00006   567.00006    -0.50000     1.00000     0.30000    25    30.0
LO MagPE 30.000KE/1  Ex=1486.599eV WF=4.000eV Ck=XL Det=MCD Ent=6x12mm Exit=4mm
7045
7006
7201
7715
7902
8250
8720
9303
10263
11700
12966
13772
13657
12422
10850
9357
8437
7350
7083
6392
6266
6055
5856
5691
5765
