Ag(111) limpa 3d e 3p
   371.00003   366.00003    -0.20000     1.00000     0.30000    26    30.0
LO MagPE 30.000KE/1  Ex=1486.599eV WF=4.000eV Ck=XL Det=MCD Ent=6x12mm Exit=4mm
4729
5036
5390
5740
6430
7312
8704
11083
14353
18802
24519
30768
34241
35306
31763
24526
17088
11429
8073
5895
4740
3962
3436
3154
3059
2832
   579.00006   567.00006    -0.50000     1.00000     0.30000    25    30.0
LO MagPE 30.000KE/1  Ex=1486.599eV WF=4.000eV Ck=XL Det=MCD Ent=6x12mm Exit=4mm
6372
6339
6721
6976
7058
7360
7742
8440
9285
10433
11607
12276
12213
11303
9752
8566
7201
6643
6100
5634
5545
5355
5328
5082
4998
