Ag(111) limpa 3d e 3p
   371.00003   366.00003    -0.20000     1.00000     0.30000    26    30.0
LO MagPE 30.000KE/1  Ex=1486.599eV WF=4.000eV Ck=XL Det=MCD Ent=6x12mm Exit=4mm
4300
4370
4776
5138
5622
6352
7409
9449
12276
16417
21558
26641
30323
31019
27787
21708
15181
9911
6921
5177
4271
3616
3168
2889
2656
2591
   579.00006   567.00006    -0.50000     1.00000     0.30000    25    30.0
LO MagPE 30.000KE/1  Ex=1486.599eV WF=4.000eV Ck=XL Det=MCD Ent=6x12mm Exit=4mm
5699
6040
5915
6266
6356
6725
7082
7598
8295
9372
10584
11021
11018
9906
8691
7353
6514
5865
5431
5064
4959
4599
4438
4543
4344
