Ag(111) limpa 3d e 3p
   371.00003   366.00003    -0.20000     1.00000     0.30000    26    30.0
LO MagPE 30.000KE/1  Ex=1486.599eV WF=4.000eV Ck=XL Det=MCD Ent=6x12mm Exit=4mm
2364
2487
2423
2866
3062
3704
4305
5395
6900
9254
11957
14677
16423
16793
14311
11300
7595
5087
3644
2698
2221
1908
1657
1578
1513
1433
   579.00006   567.00006    -0.50000     1.00000     0.30000    25    30.0
LO MagPE 30.000KE/1  Ex=1486.599eV WF=4.000eV Ck=XL Det=MCD Ent=6x12mm Exit=4mm
3053
3134
3262
3261
3480
3575
3582
4121
4363
4960
5448
5429
5449
4963
4280
3763
3205
2945
2714
2536
2538
2432
2293
2336
2296
