Ag(111) limpa 3d e 3p
   371.00003   366.00003    -0.20000     1.00000     0.30000    26    30.0
LO MagPE 30.000KE/1  Ex=1486.599eV WF=4.000eV Ck=XL Det=MCD Ent=6x12mm Exit=4mm
1610
1683
1793
1892
2092
2319
2742
3392
4337
5660
7382
9090
10366
10632
9540
7602
5251
3440
2444
1904
1510
1370
1198
1161
1034
943
   579.00006   567.00006    -0.50000     1.00000     0.30000    25    30.0
LO MagPE 30.000KE/1  Ex=1486.599eV WF=4.000eV Ck=XL Det=MCD Ent=6x12mm Exit=4mm
2587
2473
2638
2570
2723
2753
3023
3217
3542
3828
3928
4306
3996
3718
3276
2880
2513
2305
2197
2110
2080
1952
1967
1899
1832
