Ag(111) limpa 3d e 3p
   371.00003   366.00003    -0.20000     1.00000     0.30000    26    30.0
LO MagPE 30.000KE/1  Ex=1486.599eV WF=4.000eV Ck=XL Det=MCD Ent=6x12mm Exit=4mm
1282
1366
1430
1559
1706
1847
2208
2657
3408
4461
5738
7084
7959
8058
7154
5465
3860
2628
1898
1391
1124
1071
928
914
847
848
   579.00006   567.00006    -0.50000     1.00000     0.30000    25    30.0
LO MagPE 30.000KE/1  Ex=1486.599eV WF=4.000eV Ck=XL Det=MCD Ent=6x12mm Exit=4mm
2124
2111
2231
2234
2308
2383
2412
2616
2852
3091
3294
3342
3132
2994
2483
2188
2121
1887
1814
1785
1738
1576
1592
1614
1701
