Ag(111) limpa 3d e 3p
   371.00003   366.00003    -0.20000     1.00000     0.30000    26    30.0
LO MagPE 30.000KE/1  Ex=1486.599eV WF=4.000eV Ck=XL Det=MCD Ent=6x12mm Exit=4mm
3991
4223
4406
4878
5360
6218
7317
9308
11671
15655
20329
25018
28583
29095
26138
20425
14309
9687
6676
5024
3913
3538
3016
2885
2611
2548
   579.00006   567.00006    -0.50000     1.00000     0.30000    25    30.0
LO MagPE 30.000KE/1  Ex=1486.599eV WF=4.000eV Ck=XL Det=MCD Ent=6x12mm Exit=4mm
5975
5977
6022
6380
6450
6657
6929
7539
8139
8965
9923
10680
10428
9338
8312
7358
6588
5960
5584
5236
5075
4858
5024
4637
4743
