Ag(111) limpa 3d e 3p
   371.00003   366.00003    -0.20000     1.00000     0.30000    26    30.0
LO MagPE 30.000KE/1  Ex=1486.599eV WF=4.000eV Ck=XL Det=MCD Ent=6x12mm Exit=4mm
3737
3852
4142
4474
4839
5654
6270
8127
10374
13500
17628
21850
25250
25819
23524
18623
13577
9078
6417
4648
3723
3144
2813
2608
2497
2411
   579.00006   567.00006    -0.50000     1.00000     0.30000    25    30.0
LO MagPE 30.000KE/1  Ex=1486.599eV WF=4.000eV Ck=XL Det=MCD Ent=6x12mm Exit=4mm
5622
5764
5748
6048
6114
6252
6569
7101
7610
8423
9472
9691
9818
8950
7959
7011
6089
5894
5260
5105
4917
4696
4677
4438
4532
