Ag(111) limpa 3d e 3p
   371.00003   366.00003    -0.20000     1.00000     0.30000    26    30.0
LO MagPE 30.000KE/1  Ex=1486.599eV WF=4.000eV Ck=XL Det=MCD Ent=6x12mm Exit=4mm
6131
6471
6950
7768
8724
9978
11970
15445
20511
26889
34939
42696
47483
47439
41625
31965
22160
14613
10203
7474
6084
5202
4385
4146
3809
3535
   579.00006   567.00006    -0.50000     1.00000     0.30000    25    30.0
LO MagPE 30.000KE/1  Ex=1486.599eV WF=4.000eV Ck=XL Det=MCD Ent=6x12mm Exit=4mm
7722
7921
8237
8505
8623
9315
10241
10695
12460
14083
15740
16919
16804
15091
12873
10954
9314
8379
7506
7026
6596
6499
6290
5961
5995
