Ag(111) limpa 3d e 3p
   371.00003   366.00003    -0.20000     1.00000     0.30000    26    30.0
LO MagPE 30.000KE/1  Ex=1486.599eV WF=4.000eV Ck=XL Det=MCD Ent=6x12mm Exit=4mm
6015
6337
6873
7502
8440
9601
11820
14685
19316
25968
34096
41533
47482
47710
42280
33273
22996
15459
10564
7838
6304
5167
4570
4186
3806
3562
   579.00006   567.00006    -0.50000     1.00000     0.30000    25    30.0
LO MagPE 30.000KE/1  Ex=1486.599eV WF=4.000eV Ck=XL Det=MCD Ent=6x12mm Exit=4mm
7609
7721
7735
8228
8414
8841
9536
10319
11858
13617
15205
16349
15979
14389
12152
10547
8889
8132
7356
6871
6587
6309
6079
5967
5683
