Ag(111) limpa 3d e 3p
   371.00003   366.00003    -0.20000     1.00000     0.30000    26    30.0
LO MagPE 30.000KE/1  Ex=1486.599eV WF=4.000eV Ck=XL Det=MCD Ent=6x12mm Exit=4mm
6549
6955
7692
8370
9312
10681
12879
16441
21560
29231
37794
47294
53396
53861
48333
36617
25987
16917
11646
8554
6779
5631
4877
4400
4223
3855
   579.00006   567.00006    -0.50000     1.00000     0.30000    25    30.0
LO MagPE 30.000KE/1  Ex=1486.599eV WF=4.000eV Ck=XL Det=MCD Ent=6x12mm Exit=4mm
8067
8389
8505
8792
9227
9566
10296
11240
12757
14476
16472
17662
17434
16146
13511
11210
9752
8694
7884
7298
7055
6566
6554
6285
6188
