Ag(111) limpa 3d e 3p
   371.00003   366.00003    -0.20000     1.00000     0.30000    26    30.0
LO MagPE 30.000KE/1  Ex=1486.599eV WF=4.000eV Ck=XL Det=MCD Ent=6x12mm Exit=4mm
4260
4574
4807
5172
5670
6461
7582
9465
12284
16302
21156
26442
30167
30975
28423
22558
15685
10574
7201
5453
4369
3698
3313
2903
2764
2712
   579.00006   567.00006    -0.50000     1.00000     0.30000    25    30.0
LO MagPE 30.000KE/1  Ex=1486.599eV WF=4.000eV Ck=XL Det=MCD Ent=6x12mm Exit=4mm
5980
6240
6216
6333
6542
6981
7256
7844
8663
9636
10969
11497
11368
10473
9099
7812
6800
6261
5739
5434
5180
5165
4839
4801
4697
