Ag(111) limpa 3d e 3p
   371.00003   366.00003    -0.20000     1.00000     0.30000    26    30.0
LO MagPE 30.000KE/1  Ex=1486.599eV WF=4.000eV Ck=XL Det=MCD Ent=6x12mm Exit=4mm
2185
2152
2316
2548
2889
3239
3831
4754
6169
8092
10692
12989
14544
14465
13090
9940
6886
4626
3234
2454
1936
1735
1524
1426
1319
1203
   579.00006   567.00006    -0.50000     1.00000     0.30000    25    30.0
LO MagPE 30.000KE/1  Ex=1486.599eV WF=4.000eV Ck=XL Det=MCD Ent=6x12mm Exit=4mm
3092
3146
3124
3185
3209
3398
3576
3987
4358
4780
5056
5521
5280
4686
4210
3619
3296
2856
2670
2539
2452
2408
2369
2296
2246
