Ag(111) limpa 3d e 3p
   371.00003   366.00003    -0.20000     1.00000     0.30000    26    30.0
LO MagPE 30.000KE/1  Ex=1486.599eV WF=4.000eV Ck=XL Det=MCD Ent=6x12mm Exit=4mm
5833
6185
6574
7312
8157
9555
11373
14447
19325
25446
32672
40537
44952
44417
38978
30274
21058
14057
9662
7238
5831
4870
4266
3912
3540
3482
   579.00006   567.00006    -0.50000     1.00000     0.30000    25    30.0
LO MagPE 30.000KE/1  Ex=1486.599eV WF=4.000eV Ck=XL Det=MCD Ent=6x12mm Exit=4mm
7753
8022
8330
8578
8901
9190
9820
10780
11949
13707
15596
16520
16217
14525
12644
10891
9272
8382
7656
7215
6971
6673
6440
6270
6333
