Ag(111) limpa 3d e 3p
   371.00003   366.00003    -0.20000     1.00000     0.30000    26    30.0
LO MagPE 30.000KE/1  Ex=1486.599eV WF=4.000eV Ck=XL Det=MCD Ent=6x12mm Exit=4mm
2123
2126
2328
2405
2708
3109
3717
4612
5981
8002
10339
12463
13995
13840
11984
9002
6268
4111
2907
2303
1841
1589
1471
1366
1300
1213
   579.00006   567.00006    -0.50000     1.00000     0.30000    25    30.0
LO MagPE 30.000KE/1  Ex=1486.599eV WF=4.000eV Ck=XL Det=MCD Ent=6x12mm Exit=4mm
2755
2722
3003
2922
2961
3172
3321
3608
3909
4431
4895
5075
4860
4384
3831
3140
2902
2636
2327
2271
2075
2158
2163
2121
1973
