Ag(111) limpa 3d e 3p
   371.00003   366.00003    -0.20000     1.00000     0.30000    26    30.0
LO MagPE 30.000KE/1  Ex=1486.599eV WF=4.000eV Ck=XL Det=MCD Ent=6x12mm Exit=4mm
5991
6191
6721
7315
8069
9457
11493
14708
19277
25652
32961
40678
45828
45217
40012
31356
21473
14383
9749
7297
5768
4897
4306
3891
3589
3524
   579.00006   567.00006    -0.50000     1.00000     0.30000    25    30.0
LO MagPE 30.000KE/1  Ex=1486.599eV WF=4.000eV Ck=XL Det=MCD Ent=6x12mm Exit=4mm
8018
8070
8301
8625
8846
9396
9994
10793
11974
13786
15338
16319
16040
14717
12600
10644
9427
8454
7677
7329
6849
6633
6487
6423
6227
