Ag(111) limpa 3d e 3p
   371.00003   366.00003    -0.20000     1.00000     0.30000    26    30.0
LO MagPE 30.000KE/1  Ex=1486.599eV WF=4.000eV Ck=XL Det=MCD Ent=6x12mm Exit=4mm
1725
1819
1959
2118
2487
2896
3683
4543
6048
8028
10451
12472
14030
13905
12024
9408
6610
4312
3003
2202
1766
1384
1324
1131
1037
1024
   579.00006   567.00006    -0.50000     1.00000     0.30000    25    30.0
LO MagPE 30.000KE/1  Ex=1486.599eV WF=4.000eV Ck=XL Det=MCD Ent=6x12mm Exit=4mm
2539
2374
2560
2732
2840
2978
3213
3432
3884
4345
5001
5299
5090
4546
4059
3479
2905
2707
2512
2386
2217
2218
2071
2033
1911
