       3      77641.2
       6      89355.7
       9      97436.6
      12      97047.4
      15      98296.1
      18      84741.8
      21      85090.2
      24      104919.
      27      114084.
      30      112132.
      33      102041.
      36      82116.7
      39      82035.7
      42      84957.5
      45      96894.4
      48      101394.
      51      97772.2
      54      84009.6
      57      79310.0
      60      88157.0
      63      94371.0
      66      111524.
      69      113875.
      72      115534.
      75      113763.
      78      99554.7
      81      90526.6
      84      81942.1
      87      80478.8
      90      99383.9
      93      107886.
      96      101720.
      99      90353.1
     102      86335.4
     105      86590.2
     108      95815.1
     111      119256.
     114      127869.
     117      126600.
     120      106579.
